id,driver,trip,driver_trip,duration,avg_speed,avg_acc,avg_corrected_speed,avg_corrected_acc,avg_angle_change,avg_distance,total_distance,fastest_speed,longest_distance,max_angle_change,times_speed_up,times_speed_down,per_speed_up,per_speed_down,var_corrected_instant_speed,var_corrected_instant_acc,highway,num_of_acc_4,hard_acc2,hard_brak2,angle1,angle2,angle3,angle4,angle5,angle6,angle7,angle8,angle9,angle10,speed1,speed2,speed3,speed4,speed5,speed6,speed7,speed8,speed9,speed10,speed_fill,acc_fill,per_of_speed_15,per_of_speed_11_15,per_of_speed_7_11,per_of_speed_5_7,per_of_speed_5,min_var,max_var,time_of_turning,avg_speed_turning,avg_speed_excluding_stop,10s_constant,10s_acceleration,10s_deceleration,time_taken_stop,max_dec,num_stop,avg_num_period,min_period,max_period,var_min_p,var_max_p,sd_distance,avg_dist_traveled,var_dur_stop,std_dur_stop,pro_acc_below1,pro_dec_below1,num_of_acc_3,num_of_acc_35,hard_acc15,hard_brak15,hard_acc25,hard_brak25,per_straight,per_10_45,per_45_90,per_90_120,per_120_170,per_back
32801,1156,1,1156_1,871,14.544009230350063,-0.0,14.544009230350063,-0.0,4.875,14.54401,12667.83204,21.91643,21.91643,180.0,20,20,2.296,2.296,27.294195048250014,0.61204684609097759,1,1,3.444,4.133,26.545981189593217,27.272591664107647,29.050500404806872,31.751395453917478,32.657822834419179,40.272012181158935,45.000000000130271,48.814074834304179,52.815293546762938,153.43494882292202,11.543396380615196,5.661271941887297,9.936800289831478,3.5114099732159967,4.03112887414967,2.4186773244890007,0.1414213562368593,0.0999999999994543,0.2236067977497756,0.1000000000003638,14.69317,0.00016,52.632,36.842,5.263,0.0,5.263,0.9178,44.0786,32,13.252,15.4827,4.5919999999999996,47.417000000000002,47.991,8.0,-0.6797081430171902,2,406.0,8,804,0.58741011581466185,11.866984195669025,6298.6590648394804,6329.3785334642444,84.222222222222229,9.1772665986241364,37.40831,39.97555,1,1,7.233,7.233,2.181,1.952,88.28932261768082,11.136624569460391,0.34443168771526983,0.0,0.1148105625717566,0.1148105625717566
32802,1156,10,1156_10,674,17.151088462191716,0.02415,17.151088462191716,0.02415,4.706,17.15109,11559.83362,25.0138,25.0138,34.503,18,15,2.671,2.226,11.316217974537011,1.1751163506761808,1,2,6.231,6.083,21.206750700092307,21.838398364050391,22.188336141291241,23.081439067128663,23.086870227211328,24.527218831165857,25.766724153342366,25.836754224001726,27.250608982876148,27.756889750232961,13.801449199268847,11.200892821556343,13.720058308914153,12.490796611905889,12.478781991845205,11.307077429645643,15.060212481900782,14.63728116830445,11.510864433221338,13.703284277865663,17.15354,0.02558,78.571,21.429,0.0,0.0,0.0,0.85502,11.78739,28,15.914,17.15109,4.4509999999999996,48.219999999999999,47.329000000000001,0.0,0,0,0,0,0,0,0,0.0,0.0,0,0,38.72404,36.64688,3,3,10.534,8.605,2.819,3.709,87.68545994065282,12.31454005934718,0.0,0.0,0.0,0.0
32803,1156,100,1156_100,949,15.86467855104652,0.00011,15.86467855104652,0.00011,4.295,15.86468,15055.57994,25.0122,25.0122,148.671,17,20,1.791,2.107,29.196905978813867,0.82327576420430337,1,2,5.479,6.217,24.514181266083057,24.536607486211413,25.873450245723589,26.565051177077976,26.565051177077976,29.689362148139868,30.366454736396079,32.52162592871688,79.695153531242312,124.69515353111206,12.420144926690742,12.560652849274664,12.322337440599531,0.2236067977497756,0.2236067977497756,2.3769728648012105,10.111874208078401,16.84428686528476,1.1180339887497728,0.14142135623750243,15.98831,0.00013,76.19,14.286,4.762,0.0,4.762,0.07665,49.8954,30,14.503,16.76398,3.161,51.000999999999998,45.838000000000001,0.0,0,1,887.0,887,887,12.791330146318449,12.791330146318449,0.0,15045.446496934266,43.6875,6.6096520332011428,37.97327,35.07795,2,2,9.168,8.957,2.318,3.161,89.56796628029505,10.1159114857745,0.1053740779768177,0.0,0.2107481559536354,0.0
32804,1156,101,1156_101,394,10.49240986160288,-0.0,10.49240986160288,-0.0,6.81,10.49241,4134.00949,19.38659,19.38659,161.565,7,9,1.777,2.284,29.530680473803656,0.77419021066628535,0,1,4.822,5.33,45.000000000008143,45.000000000016279,45.000000000032564,46.794856437162629,47.602562202499662,50.906141113768172,61.073574164781235,78.690067525940961,78.690067525940961,161.56505117707962,0.14142135623728136,0.1000000000003638,0.09999999999990905,3.7443290453697484,1.3416407864999151,1.3038404810405466,0.36055512754654395,1.1401754250990332,1.1401754250990332,0.31622776601684693,10.68621,0.00015,12.5,62.5,0.0,12.5,12.5,0.97638,22.41053,15,8.737,12.18158,12.69,46.192999999999998,41.116999999999997,19.0,-0.5971446988250616,2,164.0,31,297,7.772465445450349,8.5406332912111473,1788.9998281745568,2059.2592233987048,462.25,21.5,41.00295,33.33333,2,1,9.137,6.853,2.284,1.777,83.75634517766497,13.197969543147208,2.5380710659898478,0.0,0.5076142131979695,0.0
32805,1156,102,1156_102,361,8.9536927441076042,-0.0,8.9536927441076042,-0.0,14.219,8.95369,3232.28308,32.66757,32.66757,180.0,5,9,1.385,2.493,50.560693723339213,3.7347990496452335,0,4,5.54,6.371,90.0,93.366460663431596,94.763641690721684,96.499346279653793,98.130102354155269,101.3099324740438,134.99999999996743,153.62157936648725,161.56505117709264,180.0,1.1999999999999886,1.2041594578792036,1.118033988749895,1.0440306508910746,0.316227766016793,1.0816653826392142,0.14142135623726126,1.1401754250991205,0.22360679774991543,0.1999999999999318,9.01698,0.00029,12.5,37.5,12.5,0.0,37.5,0.05157,47.29079,12,7.208,10.68654,8.3100000000000005,46.536999999999999,45.152000000000001,0.0,0,3,85.333333333333329,26,162,4.7897178223644907,15.505267153647635,898.62357780234606,1066.7275472827575,160.88888888888889,12.684198393626966,36.75497,36.09272,5,4,9.972,11.911,3.324,3.047,71.46814404432133,19.113573407202217,6.371191135734072,1.6620498614958448,0.8310249307479224,0.554016620498615
32806,1156,103,1156_103,494,14.25332526583958,0.00029,14.25332526583958,0.00029,6.691,14.25333,7041.14268,23.02173,23.02173,153.435,10,13,2.024,2.632,23.361524534195269,1.2034331300247345,1,2,8.502,8.097,35.604533980402081,36.442552926256198,37.092837297041342,44.999999999902293,45.000000000032564,71.56505117709591,86.633539336482372,90.000000000028507,90.000000000028507,90.000000000105857,0.49999999999968164,5.412947441089773,12.020815280171307,0.1414213562375828,0.0999999999994543,1.1313708498985726,1.2041594578789274,1.131370849898653,1.131370849898653,0.1414213562375828,14.48671,0.00026,40.0,60.0,0.0,0.0,0.0,1.5284,22.62976,20,12.221,14.60739,0.0,50.201999999999998,49.798000000000002,12.0,-0.6298396334241511,1,468.0,468,468,13.34179861518599,13.34179861518599,0.0,7031.4981917161458,1.0,1.0,33.40249,33.81743,2,2,12.753,12.753,4.049,4.251,83.19838056680162,15.384615384615385,0.6072874493927125,0.6072874493927125,0.20242914979757085,0.0
32807,1156,104,1156_104,903,13.750710249136185,0.0,13.750710249136185,0.0,4.643,13.75071,12416.89135,24.35262,24.35262,153.435,14,18,1.55,1.993,30.34621792115594,1.1173795140538787,1,1,8.638,7.863,43.883989608585324,45.000000000130278,45.000000000130278,45.000000000130278,45.000000000130278,45.000000000130278,52.280029030438129,68.198590513666147,78.690067525959762,108.43494882305228,4.833218389437912,0.09999999999990905,0.09999999999990905,0.09999999999990905,0.09999999999990905,0.09999999999990905,5.730619512757739,0.1000000000003638,0.14142135623782398,1.118033988749895,13.84626,2e-05,40.0,50.0,0.0,5.0,5.0,0.11803,30.28491,28,10.915,14.53472,1.107,49.280000000000001,49.612000000000002,0.0,0,2,420.5,286,555,29.051750385850639,8.1723920818191527,1316.9387639534179,6201.7086628779271,4.1875,2.0463381929681126,33.72365,33.72365,6,3,12.071,12.071,4.208,3.433,90.14396456256921,8.748615725359912,0.8859357696566998,0.11074197120708748,0.11074197120708748,0.0
32808,1156,105,1156_105,1612,11.601442474897095,0.00355,11.601442474897095,0.00355,8.839,11.60144,18701.52527,24.08319,24.08319,180.0,36,31,2.233,1.923,64.688436968154861,0.85094124649164937,0,1,3.288,3.97,180.0,180.0,180.0,180.0,180.0,180.0,180.0,180.0,180.0,180.0,0.40000000000009095,0.40000000000009095,0.40000000000009095,0.40000000000009095,0.40000000000009095,0.40000000000009095,0.40000000000009095,0.40000000000009095,0.40000000000009095,0.40000000000009095,11.62034,0.0007,42.857,11.429,22.857,0.0,22.857,0.03608,53.50932,57,8.616,14.40763,13.026999999999999,46.463999999999999,40.509,13.5,-0.31884803747708657,8,149.375,7,417,0.17909426899802425,23.352398648071699,2635.18171197014,2321.8035740469822,100.66,10.032945728947206,41.28086,34.10494,2,1,6.328,7.506,1.799,1.303,83.49875930521092,11.662531017369727,2.791563275434243,1.1166253101736974,0.18610421836228289,0.7444168734491315
32809,1156,106,1156_106,682,14.999586066008163,-0.0,14.999586066008163,-0.0,4.359,14.99959,10229.7177,21.79954,21.79954,71.565,14,11,2.053,1.613,29.279104065422555,1.0618071729537957,1,1,4.692,4.692,29.744881296994318,29.744881297034421,29.744881297034421,30.92671983424481,35.537677791981423,36.869897645844013,36.869897645896138,36.869897645948235,45.000000000000007,45.000000000000007,0.22360679775018233,0.3605551275464494,0.3605551275464494,11.669190203265996,3.4409301068164586,0.2236067977497756,0.2236067977497756,0.22360679775018233,0.09999999999990905,0.09999999999990905,15.12559,4e-05,66.667,26.667,0.0,0.0,6.667,0.33652,43.62613,21,14.577,16.124,10.263999999999999,43.841999999999999,45.893999999999998,28.0,-0.6063412840587675,3,209.0,102,291,24.396424189639216,5.3310878046779147,1382.6051256651185,3404.4775584117338,0.0,0.0,37.53943,38.4858,4,1,8.065,8.651,2.053,1.173,88.85630498533725,10.703812316715542,0.4398826979472141,0.0,0.0,0.0
32810,1156,107,1156_107,926,15.649972614106515,0.00022,15.649972614106515,0.00022,5.034,15.64997,14491.87464,40.40854,40.40854,180.0,17,25,1.836,2.7,16.383162793266848,1.993989356716054,1,2,6.263,6.803,26.565051177074679,27.756200182797574,28.570698548471778,29.24306318827902,33.908419287167767,36.848817521877059,39.857235442113122,51.34019174590356,51.34019174590356,79.695153531246461,13.670405992508071,16.104657711357827,1.2369316876851657,5.6612719418878665,12.481185841096313,4.801041553662932,3.7107950630562696,1.2806248474866833,1.2806248474866833,0.20000000000027285,15.74089,0.00301,60.0,35.0,5.0,0.0,0.0,0.48091,30.57029,33,14.781,15.73361,1.0800000000000001,47.299999999999997,51.619999999999997,0.0,0,2,455.0,52,858,16.099677504170359,10.01963594255739,6726.6571447240694,7242.0243458813839,0.0,0.0,33.55049,38.21933,5,2,10.151,11.447,3.24,3.24,88.22894168466523,11.339092872570195,0.32397408207343414,0.0,0.0,0.1079913606911447
32811,1156,108,1156_108,408,9.1574212041064396,-0.0,9.1574212041064396,-0.0,12.391,9.15742,3736.22785,17.24094,17.24094,180.0,4,7,0.98,1.716,40.139087870973924,0.59453949973672093,0,0,3.676,5.637,102.52880770918013,108.43494882285687,120.96375653207609,161.56505117709096,179.99999879258175,179.99999879258175,180.0,180.0,180.0,180.0,1.2369316876853313,1.118033988749895,0.2828427124746833,0.1999999999998181,0.14142135623730953,0.14142135623730953,0.10000000000013642,0.10000000000013642,0.10000000000013642,0.10000000000013642,9.37928,0.00016,11.111,44.444,11.111,11.111,22.222,0.12213,29.76054,16,7.511,11.43721,7.3529999999999998,47.548999999999999,45.097999999999999,10.0,-0.3381944477713922,2,145.0,7,283,1.1247193526680399,9.2694043228699829,1825.7710396269952,1853.2062132499061,39.632653061224495,6.2954470104373446,34.66258,39.2638,2,0,5.637,8.824,1.716,1.961,78.43137254901961,14.46078431372549,3.4313725490196076,1.4705882352941178,0.49019607843137253,1.7156862745098038
32812,1156,109,1156_109,345,11.01565098487357,0.0,11.01565098487357,0.0,6.076,11.01565,3800.39959,19.10314,19.10314,146.01,7,9,2.029,2.609,34.816650770758272,1.0090518705487774,0,1,4.058,5.797,22.96882996788479,27.385824120377958,45.0,45.000000000000007,45.000000000000007,46.058355858727175,78.654413654094853,83.418055344849947,91.647028661252833,113.19859051370885,11.761802582937703,4.46430285711013,0.20000000000004547,0.14142135623718088,0.14142135623718088,3.9446165846630867,2.6925824035672608,0.22360679774997896,1.360147050873628,1.0770329614269345,11.20481,0.00043,28.571,42.857,14.286,0.0,14.286,1.43104,10.85226,13,10.177,13.13917,8.6959999999999997,46.667000000000002,44.637999999999998,7.0,-0.7027642214999484,1,282.0,282,282,10.261764163806228,10.261764163806228,0.0,3791.4129986902599,77.555555555555557,8.8065632090819381,38.75433,37.37024,2,1,7.246,8.986,2.609,2.029,86.08695652173913,11.304347826086957,1.7391304347826086,0.5797101449275363,0.2898550724637681,0.0
32813,1156,11,1156_11,424,12.079581420005752,0.00024,12.079581420005752,0.00024,11.019,12.07958,5121.74252,24.06657,24.06657,180.0,7,9,1.651,2.123,43.489066491036745,1.6643101395863305,1,3,8.962,10.142,90.0,90.0,91.548157698993649,92.121096396654821,96.581944655167206,105.25511870305566,105.25511870305566,115.01689347812017,153.43494882292202,173.48019824834219,1.118033988749895,1.118033988749895,1.1704699910719882,0.4472135955000342,1.1704699910719882,1.1401754250991205,1.1401754250991205,0.14142135623724117,1.200000000000017,1.208304597359452,12.24578,0.00033,55.556,11.111,11.111,0.0,22.222,2.21561,45.83086,19,10.432,13.68283,7.0750000000000002,46.462000000000003,46.462000000000003,23.0,-0.7233219593322665,2,171.0,122,220,13.281486034325788,12.369171351577544,637.69788273747815,2546.2374662581074,24.25,4.924428900898052,31.81818,31.01604,10,5,12.264,14.387,7.311,4.717,75.47169811320755,19.10377358490566,2.5943396226415096,2.1226415094339623,0.2358490566037736,0.4716981132075472
32814,1156,110,1156_110,1621,13.943191091476782,6e-05,13.943191091476782,6e-05,6.867,13.94319,22601.91276,27.52617,27.52617,180.0,37,36,2.283,2.221,61.999174191497708,0.82448813307341551,1,2,3.701,4.688,95.19442890775403,100.3048464687577,118.61045966596564,131.05481377097828,158.10632685824277,161.56505117710401,169.93931020468617,174.80557109224594,180.0,180.0,1.1045361017186686,0.09999999999990905,0.2999999999999545,0.31622776601657954,1.1045361017186686,0.31622776601698177,1.1045361017186686,1.099999999999909,0.3999999999996362,0.3999999999996362,13.9924,7e-05,63.889,8.333,8.333,0.0,19.444,0.02884,63.9427,64,12.506,16.21598,11.721,47.378,40.901000000000003,10.33,-0.3892571319882102,6,218.83333333333334,13,552,1.1055474706444923,16.198141790867794,3786.7454117667753,3753.8393051283815,148.16666666666666,12.17237309100681,39.69849,36.03733,4,4,6.477,7.403,1.851,1.604,85.2560148056755,11.844540407156076,2.0357803824799507,0.3701418877236274,0.24676125848241826,0.24676125848241826
32815,1156,111,1156_111,1135,12.493646777643287,0.0,12.493646777643287,0.0,5.398,12.49365,14180.28909,24.12053,24.12053,124.992,22,27,1.938,2.379,34.660349666849157,0.79402853800016671,0,1,5.198,5.374,67.380135051940542,71.56505117707799,71.565051177118576,78.690067525973106,90.0,90.0,101.30993247401354,104.0362434679303,116.56505117707799,124.99202019856916,1.1401754250995668,0.14142135623718088,1.1401754250986293,1.081665382639222,0.1000000000003638,0.1000000000003638,1.0816653826388436,0.14142135623718088,1.118033988749895,1.2206555615735266,12.55074,0.00015,40.0,36.0,12.0,0.0,12.0,0.05397,55.96567,41,11.154,14.20196,7.9299999999999997,46.783999999999999,45.286000000000001,23.0,-0.37105237959891624,3,324.33333333333331,144,512,9.3115026241667582,13.167504227318226,2365.0957594091424,4716.5189122022011,52.810000000000002,7.2670489196096648,38.87776,39.57916,5,3,7.665,8.899,2.731,2.026,88.72246696035242,9.33920704845815,1.3215859030837005,0.44052863436123346,0.1762114537444934,0.0
32816,1156,112,1156_112,925,15.05244998011262,0.0,15.05244998011262,0.0,4.963,15.05245,13923.51623,25.17161,25.17161,101.203,23,19,2.486,2.054,27.400506352964353,1.068058098864417,1,2,5.73,5.622,34.924598861408555,35.238922955595584,39.093858886230649,40.236358309271239,44.728458054305236,68.467898892329274,86.185925165541036,86.185925165541036,90.000000000154699,97.125016349002522,4.382921400162244,14.288806808128083,2.23606797749979,3.40587727318518,3.1384709652952676,2.376972864800244,0.14142135623693972,0.14142135623693972,0.14142135623693972,1.1401754250995668,15.15211,0.00013,65.0,30.0,0.0,0.0,5.0,0.82112,34.16391,35,13.476,15.81972,0.0,52.0,48.0,0.0,0,2,434.0,259,609,11.923428431782462,14.13100335222361,2552.0830762293517,6954.3021845163985,2.3999999999999999,1.5491933384829668,38.63636,34.31818,4,2,10.378,8.973,2.162,2.27,89.29729729729729,10.054054054054054,0.32432432432432434,0.32432432432432434,0.0,0.0
32817,1156,113,1156_113,669,12.344050430818974,0.00864,12.344050430818974,0.00864,7.538,12.34405,8258.16974,21.63354,21.63354,180.0,18,19,2.691,2.84,43.823910740172259,1.2908374144216743,0,1,5.68,5.68,58.671307132180615,63.868999455046449,70.001320270313315,70.167870149793984,71.200114841354548,110.55604521960778,111.03751102542186,167.47119229085044,180.0,180.0,1.2041594578792247,0.4123105625616392,3.4828149534536195,0.7615773105866434,0.4123105625618546,1.208304597359452,0.3000000000001819,0.921954445729375,0.22360679774981373,0.22360679774981373,12.36345,0.01043,42.857,28.571,0.0,7.143,21.429,0.00366,34.42415,30,11.681,14.65042,19.431999999999999,42.451000000000001,38.116999999999997,7.5,-0.5414077598731786,2,133.0,71,195,13.73893596448581,10.449247605876849,1194.4202691829528,2017.0375944339025,486.88888888888891,22.065558884580486,35.7016,31.79396,2,1,9.268,9.417,3.438,2.99,82.0627802690583,15.39611360239163,1.6442451420029895,0.29895366218236175,0.14947683109118087,0.4484304932735426
32818,1156,114,1156_114,370,10.948429070248903,0.0,10.948429070248903,0.0,8.612,10.94843,4050.91876,18.80957,18.80957,180.0,8,10,2.162,2.703,33.521360353188207,0.941949257863961,0,1,1.892,3.243,66.801409486331877,68.198590513627522,69.934295102585708,71.565051177175704,71.565051177175704,90.000000000032571,105.25511870304425,116.56505117707799,116.56505117707799,180.0,1.0770329614269345,0.22360679775022047,1.2041594578789652,0.1414213562375828,0.1414213562375828,1.118033988749895,1.140175425099088,0.09999999999990905,0.09999999999990905,0.09999999999990905,11.11723,0.0,25.0,37.5,25.0,0.0,12.5,0.16975,22.69994,15,10.56,12.1975,2.7029999999999998,48.649000000000001,48.649000000000001,13.0,-0.5982321675259705,2,154.5,18,291,3.2695750158932237,9.3720240971968174,1930.3498907872211,2016.6318570075766,13.25,3.640054944640259,35.84337,40.96386,2,1,5.946,6.216,1.351,1.351,81.35135135135135,14.054054054054054,2.972972972972973,1.0810810810810811,0.0,0.5405405405405406
32819,1156,115,1156_115,937,4.0913386054442507,0.00024,4.0913386054442507,0.00024,12.192,4.09134,3833.58427,18.90846,18.90846,180.0,6,7,0.64,0.747,38.760308074086019,0.42258929452605543,0,0,2.348,5.229,149.03624346792648,161.56505117707803,171.86989764584399,171.86989764584408,172.87498365109826,174.89783474764187,180.0,180.0,180.0,180.0,1.1661903789690602,0.22360679774997885,0.3162277660168379,0.22360679774997907,0.36055512754639896,1.0440306508910548,1.140175425099138,1.140175425099138,1.140175425099138,1.140175425099138,4.13263,0.00033,0.0,30.0,0.0,0.0,70.0,0.00062,23.48621,34,3.855,9.74585,33.084000000000003,38.420000000000002,28.495000000000001,0.0,0,1,282.0,282,282,9.2813138408434703,9.2813138408434703,0.0,3728.7003309626216,370.19809688581313,19.240532655979489,33.33333,32.82051,1,1,3.842,8.431,1.387,1.281,80.14941302027748,8.64461045891142,7.04375667022412,2.9882604055496267,0.21344717182497333,0.96051227321238
32820,1156,116,1156_116,247,13.864164614196698,0.00115,13.864164614196698,0.00115,6.078,13.86416,3424.44866,22.42432,22.42432,82.875,8,8,3.239,3.239,13.753077202278028,1.7348573748306004,1,1,5.668,8.097,20.987210305855736,21.437043823821217,21.960564020096768,22.460993528890896,22.802443551806856,25.525785947693802,28.424356249157729,29.419955973918803,29.46081315054937,30.379126011373554,11.47388338793799,12.41933975700803,2.3345235059857017,15.344380078712874,13.013838787998019,13.069812546475202,2.4207436873821124,3.405877273185367,2.376972864800933,1.118033988749895,14.15289,0.01131,40.0,60.0,0.0,0.0,0.0,0.95072,7.58346,13,13.54,13.86416,0.0,49.393000000000001,50.606999999999999,19.0,-0.705877986355328,1,241.0,241,241,9.6638145324099778,9.6638145324099778,0.0,3420.2628565861874,0,0,37.24696,36.03239,2,2,10.526,11.336,2.024,4.049,81.78137651821862,17.813765182186234,0.4048582995951417,0.0,0.0,0.0
32821,1156,117,1156_117,1408,13.168182378539685,7e-05,13.168182378539685,7e-05,7.007,13.16818,18540.80079,26.70019,26.70019,180.0,29,37,2.06,2.628,55.567829379607886,0.87181020403709908,0,3,3.835,3.693,105.2551187030738,105.2551187030738,105.2551187030738,106.6992442339554,119.74488129693823,161.56505117709105,161.56505117716918,161.56505117716918,171.86989764585707,180.0,1.1401754250986593,1.1401754250986593,1.1401754250986593,1.044030650890846,0.14142135623782398,0.14142135623766322,0.09999999999990905,0.09999999999990905,0.3162277660166222,0.3162277660166222,13.21033,3e-05,48.387,22.581,9.677,0.0,19.355,0.04977,42.11762,46,10.599,14.8255,7.1020000000000003,48.438000000000002,44.460000000000001,0.0,0,5,235.19999999999999,6,740,0.11098108376646959,18.259594263148671,4801.2564196697285,3692.578704728232,55.358024691358018,7.4402973523480913,39.84,36.96,3,3,6.605,7.386,1.491,1.207,84.94318181818181,12.571022727272727,1.4204545454545454,0.6392045454545454,0.21306818181818182,0.21306818181818182
32822,1156,118,1156_118,1012,14.885820958167896,0.0002,14.885820958167896,0.0002,7.286,14.88582,15064.45081,22.71409,22.71409,180.0,11,23,1.087,2.273,30.230555745242967,0.92973839481954423,1,4,6.126,7.115,106.92751306414658,109.98310652192662,109.98310652192662,114.4439547804094,114.44395478041832,116.56505117707799,124.38034472384402,175.23635830925576,176.63353933657007,180.0,0.412310562561765,1.1704699910720635,1.1704699910720635,0.0999999999994543,0.0999999999994543,0.1999999999998181,0.31622776601683344,0.5385164807133829,1.077032961426903,0.10000000000000142,14.99294,0.00028,72.727,13.636,4.545,0.0,9.091,0.31895,43.04543,37,12.848,15.35388,3.9529999999999998,47.430999999999997,48.616999999999997,0.0,0,2,460.0,13,907,11.944238607223905,8.8905868323379451,7426.2361440457207,7511.4099878909947,0.0,0.0,36.39144,36.69725,8,6,8.794,11.067,2.47,3.261,86.85770750988142,9.980237154150197,1.284584980237154,1.383399209486166,0.09881422924901186,0.3952569169960474
32823,1156,119,1156_119,1195,10.856887764426023,0.0009,10.856887764426023,0.0009,5.206,10.85689,12973.98088,25.46625,25.46625,180.0,24,28,2.008,2.343,48.916121961869933,1.1169811553213016,0,1,6.695,7.531,58.861027563025296,68.198590513621241,68.198590513621241,90.0,99.462322208018577,110.55604521959062,161.5650511771822,180.0,180.0,180.0,2.5079872407968757,0.1999999999998181,0.1999999999998181,0.1000000000003638,0.1999999999998181,1.2083045973597883,0.1000000000003638,0.14142135623718088,0.14142135623718088,0.14142135623718088,10.89013,0.00012,23.077,34.615,15.385,7.692,19.231,0.03279,23.72357,40,8.399,13.26915,12.552,46.444000000000003,41.003999999999998,19.0,-0.4709366206560246,6,159.0,21,660,7.095535922880698,19.97588707152358,3495.935179260332,2156.5637837231202,276.16000000000003,16.618062462272793,33.46981,29.37564,4,2,10.795,10.46,2.427,3.013,88.8702928870293,9.707112970711297,0.7531380753138075,0.2510460251046025,0.08368200836820083,0.33472803347280333
32824,1156,12,1156_12,1002,3.7900905236532805,-0.0,3.7900905236532805,-0.0,6.655,3.79009,3797.6707,20.54118,20.54118,180.0,10,13,0.998,1.297,40.931900449260112,0.33536073894025403,0,1,1.996,4.691,174.80557109226942,180.0,180.0,180.0,180.0,180.0,180.0,180.0,180.0,180.0,1.1045361017186273,0.1,0.1,0.1,0.1,0.1,0.1,0.1,0.1,0.1,3.8263,0.00012,13.636,9.091,0.0,4.545,72.727,0.00107,31.0437,34,4.998,10.19164,46.905999999999999,31.138000000000002,21.956,11.0,-0.6662374627170267,1,264.0,264,264,12.168558923082594,12.168558923082594,0.0,3708.9537442918909,1128.0718336483928,33.586780638346283,29.91914,34.77089,2,1,3.094,6.587,0.699,0.898,90.51896207584831,4.990019960079841,1.7964071856287425,1.2974051896207586,0.1996007984031936,1.1976047904191616
32825,1156,120,1156_120,1104,14.601048316701744,0.01296,14.601048316701744,0.01296,4.14,14.60105,16119.55734,21.36539,21.36539,41.411,24,27,2.174,2.446,14.568455082326697,0.56355422276529421,1,1,4.438,5.163,21.171464782346938,21.922292409829449,22.440019289973542,23.350395781669693,23.78240216837499,24.356119050457572,27.604266279228625,28.167150238564354,32.103820565858726,38.605602234772995,13.920129309744562,13.206059215375404,13.43726162579275,5.546169849544858,14.115239990875105,7.917701686727021,14.838463532320501,11.045361017187261,7.885429601486423,5.656854249492405,14.63819,0.01213,54.167,33.333,12.5,0.0,0.0,0.21926,15.11254,36,13.936,14.60105,4.5289999999999999,48.912999999999997,46.558,0.0,0,1,120.0,120,120,6.3732279850396294,6.3732279850396294,0.0,1013.058891188182,0,0,41.93841,41.30435,3,1,7.609,7.88,1.902,1.993,91.39492753623189,8.605072463768115,0.0,0.0,0.0,0.0
32826,1156,121,1156_121,1135,12.957621148631535,9e-05,12.957621148631535,9e-05,6.718,12.95762,14706.9,22.58008,22.58008,180.0,21,26,1.85,2.291,34.331675313911269,0.6891309272454792,1,1,4.934,5.727,90.0,90.0,92.385944030502671,97.125016348781557,97.125016348911828,105.25511870306781,109.98310652190568,153.43494882297412,161.56505117707798,161.56505117707798,1.118033988749895,1.118033988749895,0.14142135623754262,0.14142135623750243,1.140175425099098,1.140175425099098,1.170469991071908,0.22360679775018233,0.14142135623718088,0.14142135623718088,13.03908,2e-05,48.0,36.0,4.0,0.0,12.0,0.0361,26.90066,38,10.956,14.47591,7.048,44.933999999999997,48.018000000000001,10.5,-0.4841245108410906,3,327.66666666666669,262,453,8.6933632630441817,8.8086319686166945,1475.688935631732,4888.4617317068705,116.44444444444444,10.790942704159097,35.07389,40.59113,1,1,7.753,8.899,2.203,1.938,86.431718061674,10.572687224669604,1.9383259911894273,0.7048458149779736,0.2643171806167401,0.0881057268722467
32827,1156,122,1156_122,249,11.955503869091578,-0.0,11.955503869091578,-0.0,10.152,11.9555,2976.92046,23.34524,23.34524,172.875,4,5,1.606,2.008,52.476609967060028,2.3318488270413051,1,1,11.245,10.442,64.653824058108725,82.874983651162339,90.0,90.0,94.184916125077336,97.125016348837661,97.125016348861706,97.125016348902804,127.87498365109722,172.87498365108908,0.3605551275465124,0.14142135623734164,0.10000000000013642,0.10000000000013642,1.1401754250992377,0.14142135623734164,1.118033988749895,1.1401754250992377,1.1401754250992377,1.1313708498982509,12.15626,0.00144,60.0,20.0,0.0,0.0,20.0,1.25589,17.41644,10,10.03,13.46277,0.0,53.012,46.988,0.0,0,1,191.0,191,191,14.532560373033638,14.532560373033638,0.0,2959.7883328088442,2.0,1.4142135623730951,32.57919,26.69683,2,2,15.261,16.064,4.418,3.614,81.92771084337349,11.646586345381525,2.8112449799196786,2.4096385542168677,0.40160642570281124,0.8032128514056225
32828,1156,123,1156_123,1425,12.088985184204912,0.0,12.088985184204912,0.0,5.43,12.08899,17226.80389,21.84353,21.84353,180.0,29,26,2.035,1.825,33.197602128354859,0.87137637002022805,0,2,6.667,7.298,65.772254682007087,73.442928624266131,74.744881296938203,77.471192290600015,79.695153531235022,95.194428907728408,95.194428907728408,95.194428907751899,95.792796495173505,130.23635830940771,0.8062257748298549,1.220655561573266,0.09999999999990905,2.3323807579381435,1.118033988750261,1.1045361017190802,1.1045361017190802,1.1045361017191213,1.1401754250995368,1.2041594578790407,12.13363,0.0,29.032,48.387,3.226,6.452,12.903,0.35444,52.61634,45,11.049,12.73073,3.5089999999999999,49.753999999999998,46.737000000000002,14.0,-0.2654240230692387,7,181.28571428571428,5,854,0.20820880797679725,6.9082696433660002,4198.34096113334,2443.7217817735409,51.039999999999999,7.1442284397967004,35.92018,34.44198,4,2,10.105,10.526,2.316,2.105,86.94736842105263,12.140350877192983,0.49122807017543857,0.2807017543859649,0.07017543859649122,0.07017543859649122
32829,1156,124,1156_124,252,1.4273751544602988,-0.0,1.4273751544602988,-0.0,19.105,1.42738,359.69854,9.10824,9.10824,180.0,2,3,0.794,1.19,5.9752192160484858,0.42603904108182855,0,0,2.381,7.937,115.01689347810829,116.56505117707799,116.56505117707799,116.56505117707799,161.56505117707798,169.50852298766839,170.13419305691548,180.0,180.0,180.0,0.14142135623732158,0.10000000000000142,0.10000000000000142,0.10000000000000142,0.31622776601683794,0.761577310586391,1.0440306508910542,1.1401754250991327,1.1401754250991327,1.1401754250991327,1.4792,0.00114,0.0,0.0,0.0,0.0,100.0,0.07905,12.2746,7,0.939,2.65251,11.904999999999999,50.396999999999998,37.698,0.0,0,2,26.5,26,27,3.8573753227035139,5.7655957515934215,27.363235157429955,147.92116431122901,59.408284023668642,7.7076769537694458,36.36364,25.75758,0,0,5.556,12.698,0.0,0.0,70.23809523809524,14.285714285714286,9.920634920634921,2.7777777777777777,0.7936507936507936,1.9841269841269842
32830,1156,125,1156_125,330,12.434486946457538,0.00043,12.434486946457538,0.00043,6.335,12.43449,4103.38069,18.882,18.882,180.0,6,8,1.818,2.424,25.013776802619457,1.1196487613793151,0,1,4.545,6.061,27.552811576718341,34.27636955993961,37.222527195991667,39.207203504964532,40.313059440849308,56.309932474016875,56.309932474016875,67.249023657203963,97.125016348888778,104.03624346786518,8.100000000000136,3.448187929913508,5.308483775994524,1.7204650534084143,3.689173349139267,1.081665382639348,1.081665382639348,1.0630145812736318,1.1401754250988787,0.14142135623734164,12.67465,0.00084,42.857,28.571,14.286,14.286,0.0,1.89025,26.91436,17,11.583,12.62579,0.0,49.393999999999998,50.606000000000002,0.0,0,1,297.0,297,297,9.7564089185663008,9.7564089185663008,0.0,4091.6029604181031,0.0,0.0,35.38462,38.15385,3,2,7.879,8.788,2.424,3.03,85.15151515151516,13.030303030303031,0.9090909090909091,0.6060606060606061,0.0,0.30303030303030304
32831,1156,126,1156_126,842,9.941977712457545,0.00027,9.941977712457545,0.00027,9.942,9.94198,8371.14523,19.28989,19.28989,180.0,10,15,1.188,1.781,40.739953274261111,0.87477946016542507,0,3,5.344,5.582,102.52880770916377,105.25511870304425,119.74488129698834,160.01689347810023,161.56505117705848,165.96375653208122,180.0,180.0,180.0,180.0,1.1661903789691304,1.140175425099088,0.14142135623726126,0.10000000000000853,0.31622776601658625,0.412310562561846,0.09999999999990905,0.09999999999990905,0.09999999999990905,0.09999999999990905,10.00618,6e-05,22.222,38.889,11.111,5.556,22.222,0.05335,35.60469,37,8.238,12.30438,10.689,44.180999999999997,45.131,14.0,-0.6605462475570107,4,155.75,38,319,15.160732620454128,10.744066728383661,1612.3889077767326,2077.6152335597535,36.909722222222221,6.0753372105770573,33.28424,37.40795,5,5,7.838,9.382,2.494,3.088,79.92874109263659,14.489311163895486,3.32541567695962,1.3064133016627077,0.35629453681710216,0.5938242280285035
32832,1156,127,1156_127,241,12.912651452279979,0.00059,12.912651452279979,0.00059,9.159,12.91265,3111.949,20.78702,20.78702,149.859,3,8,1.245,3.32,37.107374380645396,1.0962575436783584,1,1,8.299,7.469,64.9831065218617,64.983106521872159,69.381811876901025,69.443954780385752,69.443954780410166,82.874983651053114,82.874983651085671,89.999999999951143,90.000000000016286,115.01689347805687,1.1704699910718839,0.14142135623726126,1.1704699910719616,0.14142135623742205,1.2083045973593745,1.1401754250990233,0.4242640687120652,0.14142135623738186,1.1313708498984116,0.14142135623738186,13.33728,0.00143,40.0,40.0,20.0,0.0,0.0,2.98067,43.33131,12,11.626,13.52898,0.0,48.963000000000001,51.036999999999999,15.0,-1.0615686114138285,1,203.0,203,203,9.4688646573576136,9.4688646573576136,0.0,3094.9450748494651,0.25,0.5,28.26087,35.65217,2,1,12.863,12.863,4.149,2.49,82.15767634854772,12.033195020746888,4.564315352697095,0.8298755186721992,0.4149377593360996,0.0
32833,1156,128,1156_128,318,11.546399868403258,0.03768,11.546399868403258,0.03768,6.786,11.5464,3671.75516,56.97227,56.97227,153.435,4,3,1.258,0.943,24.773857626107038,14.25762461074498,0,7,15.409,12.893,55.503948884035538,57.061309457045503,74.150768392630184,76.323858004681782,79.824489156958776,81.869897645839146,81.869897645846876,87.954591511120029,96.340191745901365,147.15219674366116,0.6082762530298234,4.103656905736641,56.972273958479136,11.371895180663603,1.252996408614179,1.118033988749895,0.31622776601679525,0.2236067977499186,0.14142135623732158,38.80682929588554,11.62875,0.04176,0.0,71.429,28.571,0.0,0.0,0.60754,101.46488,6,8.324,11.83866,0.0,53.145000000000003,46.854999999999997,0.0,0,2,35.0,29,41,114.56335115883441,23.150092224894642,59.097293696097495,425.66261076171969,0.0,0.0,29.03226,24.83871,8,7,20.44,17.61,8.491,6.604,87.73584905660377,8.49056603773585,2.830188679245283,0.31446540880503143,0.6289308176100629,0.0
32834,1156,129,1156_129,330,5.4639488683997204,0.0,5.4639488683997204,0.0,11.083,5.46395,1803.10313,17.04259,17.04259,180.0,7,5,2.121,1.515,24.574323369574014,1.4738165701315136,0,3,8.485,9.091,79.344685304448589,82.874983651111222,89.999999999997982,90.0,90.0,90.00000000000918,107.81888891450751,119.93151184051497,127.87498365109495,134.99999999999798,9.575489543621245,0.14142135623722107,0.14142135623734164,0.10000000000002274,0.10000000000002274,0.28284271247464315,1.3152946437965525,1.7029386365926868,1.1401754250992027,1.1313708498985322,5.57019,0.0005,0.0,0.0,57.143,0.0,42.857,0.03161,26.13693,15,5.004,8.36653,18.181999999999999,41.817999999999998,40.0,13.0,-0.560548834854693,2,96.0,72,120,6.7116858090519029,9.8535578454275914,251.24312975818646,882.86496342598718,115.67346938775511,10.755160128410692,27.57009,29.90654,5,3,12.727,11.818,5.455,5.758,75.15151515151516,18.181818181818183,4.242424242424242,1.5151515151515151,0.6060606060606061,0.30303030303030304
32835,1156,13,1156_13,764,15.886246727655543,0.00047,15.886246727655543,0.00047,5.197,15.88625,12137.0925,27.66821,27.66821,101.31,26,23,3.403,3.01,60.006091609624249,1.0318076557731117,1,1,3.272,3.141,46.169139327911758,48.503531644810991,54.363451245727937,57.392713476924577,59.036243467806948,59.036243467878457,59.036243467973989,68.198590513515228,86.82016988011172,90.000000000052111,3.9000000000005457,1.5652475842490392,1.6552945357249926,0.8062257748303625,1.3038404810407391,0.6708203932507504,1.3038404810397624,1.2041594578788142,1.118033988749895,0.2236067977503857,16.00969,0.00039,62.5,12.5,12.5,6.25,6.25,0.88548,34.57382,24,11.025,16.77116,2.6179999999999999,53.009999999999998,44.372,4.0,-0.9453475202874407,5,140.59999999999999,25,290,0.7462341049537804,24.466717201305698,2295.2473910268468,2421.2780225730639,32.888888888888893,5.7348835113617511,43.56846,33.60996,1,1,6.152,5.89,1.309,1.44,88.35078534031413,10.078534031413612,1.3089005235602094,0.2617801047120419,0.0,0.0
32836,1156,130,1156_130,808,15.421971358329742,0.0,15.421971358329742,0.0,6.923,15.42197,12460.95286,25.6632,25.6632,180.0,13,18,1.609,2.228,35.089618729787773,0.98474080633625216,1,2,5.322,5.569,71.56505117707799,75.96375653213228,75.963756532153994,82.874983651088186,82.874983651102212,89.999999999895778,92.066364963207363,101.30993247392,153.43494882292202,161.56505117694775,0.28284271247436177,1.1661903789692474,0.28284271247532644,1.140175425099098,1.1401754250987393,1.118033988749895,4.130375285612586,0.22360679774997896,0.2236067977497756,0.2236067977497756,15.53945,3e-05,76.471,17.647,0.0,0.0,5.882,0.68518,19.6366,35,13.967,16.28207,3.7130000000000001,49.009999999999998,47.277000000000001,2.0,-0.9983767666838633,1,741.0,741,741,15.823892275315258,15.823892275315258,0.0,12437.998463401478,4.2222222222222223,2.0548046676563256,39.60784,37.38562,3,3,8.416,9.035,2.847,2.847,85.39603960396039,12.5,1.4851485148514851,0.24752475247524752,0.24752475247524752,0.12376237623762376
32837,1156,131,1156_131,770,13.587212107086776,0.00013,13.587212107086776,0.00013,6.213,13.58721,10462.15332,24.92308,24.92308,180.0,16,13,2.078,1.688,34.365615208982611,1.5958056793062967,1,1,5.844,7.662,45.000000000260563,80.753887254474165,86.633539336689694,90.0,90.0,90.000000000130299,101.30993247403525,101.30993247403525,142.12501634887573,142.12501634891183,0.14142135623718088,1.2083045973595814,0.1414213562368593,0.1000000000003638,0.1000000000003638,1.1313708498987332,1.1401754250991978,1.1401754250991978,1.1401754250996565,0.1000000000003638,13.63693,4e-05,41.176,35.294,5.882,11.765,5.882,0.14623,30.34345,34,12.294,14.4468,3.8959999999999999,47.143000000000001,48.960999999999999,19.0,-0.7105696828256779,2,345.0,160,530,23.099141295428886,11.922233695926007,2540.5585828540284,5221.1897739799224,41.359999999999999,6.4311740763254104,36.60221,37.29282,3,1,9.87,11.688,3.377,4.156,86.36363636363636,12.077922077922079,0.5194805194805194,0.6493506493506493,0.2597402597402597,0.12987012987012986
32838,1156,132,1156_132,1523,13.371457437636494,0.00757,13.371457437636494,0.00757,6.74,13.37146,20364.72968,26.38788,26.38788,180.0,31,34,2.035,2.232,49.299890931098759,1.2675635640980016,0,5,8.864,7.879,116.56505117707799,161.56505117694775,172.87498365109823,179.99999879258175,179.99999879258175,179.99999879258175,179.99999879258175,179.99999879258175,179.99999879258175,180.0,0.10000000000002274,0.2236067977497756,0.2236067977500171,0.1414213562373266,0.1414213562373266,0.1414213562373266,0.1414213562373266,0.1414213562373266,0.1414213562373266,0.1000000000003638,13.38806,0.00508,42.424,9.091,33.333,6.061,9.091,0.12564,30.03333,50,11.721,14.37646,4.5960000000000001,48.588000000000001,46.814999999999998,9.5,-0.4240918502542181,6,218.33333333333334,5,1009,0.34067861736379379,33.486019351993185,5900.8127997218808,3225.6444737985639,79.440000000000012,8.9129119820628784,33.33333,33.89831,10,6,12.344,12.213,4.137,3.94,85.75180564674983,12.147078135259356,1.247537754432042,0.1969796454366382,0.06565988181221274,0.5909389363099147
32839,1156,133,1156_133,448,9.1108865492909157,0.0,9.1108865492909157,0.0,5.689,9.11089,4081.67717,19.40309,19.40309,180.0,7,14,1.563,3.125,45.580027535949888,0.48919050732990421,0,0,2.902,4.688,43.726969979941494,79.695153531242312,79.695153531242312,79.695153531244401,84.805571092245984,84.805571092245984,90.0,90.0,95.194428907729474,100.30484646875561,3.400000000000091,1.1180339887497728,1.1180339887497728,1.1180339887499966,1.1045361017186686,1.1045361017186686,1.1,1.1,0.09999999999990905,0.09999999999990905,9.31699,0.00036,22.222,44.444,0.0,11.111,22.222,0.02804,26.7073,23,7.77,12.89555,15.625,43.527000000000001,40.847999999999999,0.0,0,1,300.0,300,300,8.8107038924636338,8.8107038924636338,0.0,4059.9636266447346,56.160000000000004,7.493997598078078,35.12658,38.92405,0,0,5.357,6.92,0.67,0.446,87.27678571428571,10.491071428571429,1.1160714285714286,0.8928571428571429,0.0,0.22321428571428573
32840,1156,134,1156_134,321,11.289318111980725,0.0,11.289318111980725,0.0,6.811,11.28932,3623.87111,18.29891,18.29891,180.0,6,8,1.869,2.492,38.513165725382407,1.0225115386838832,0,1,2.804,4.05,29.848913464985426,31.153791588173259,35.479978134223394,45.000000000016293,51.80905017961868,55.304846468740372,61.970319017716392,86.987212495718239,109.98310652190378,170.32173994687381,1.1704699910718692,14.624978632463067,3.9999999999998406,0.14142135623722107,3.405877273185275,0.14142135623722107,1.3453624047073558,0.1414213562375828,1.1704699910720149,1.1180339887498847,11.49195,0.00037,42.857,28.571,0.0,14.286,14.286,0.0314,31.6484,15,10.788,13.56495,9.3460000000000001,45.793999999999997,44.859999999999999,0.0,0,1,256.0,256,256,8.7320207537737264,8.7320207537737264,0.0,3614.3537026528961,400.0,20.0,40.07491,39.70037,2,1,4.673,7.165,1.869,1.869,85.35825545171339,12.149532710280374,1.557632398753894,0.3115264797507788,0.0,0.6230529595015576
32841,1156,135,1156_135,210,14.628466033305063,0.0,14.628466033305063,0.0,5.401,14.62847,3071.97787,28.64001,28.64001,153.435,3,4,1.429,1.905,116.80769579815436,1.2886410512731918,0,1,3.81,7.143,26.565051177117052,45.000000000032564,45.000000000032564,45.000000000032564,56.309932474023555,63.43494882292201,82.874983651101545,82.874983651130947,90.0,108.43494882282431,0.3162277660170177,0.14142135623726126,0.14142135623726126,0.14142135623726126,0.1000000000003638,1.118033988749895,1.0816653826391274,0.22360679774982645,0.1999999999998181,0.1414213562375828,15.08544,0.00057,75.0,0.0,0.0,0.0,25.0,8.10677,22.2571,3,1.518,19.18085,0.0,55.238,44.762,31.0,-0.9130467602538888,1,143.0,143,143,28.327321105970388,28.327321105970388,0.0,3058.2459434623638,9.5555555555555554,3.0912061651652345,31.875,34.375,1,1,9.048,11.905,1.905,2.381,93.33333333333333,1.9047619047619047,3.3333333333333335,0.9523809523809523,0.47619047619047616,0.0
32842,1156,136,1156_136,1639,14.580362580057578,-0.0,14.580362580057578,-0.0,5.881,14.58036,23897.21427,27.08948,27.08948,120.964,28,31,1.708,1.891,39.28549805297073,1.1116272406562175,1,6,7.688,8.115,90.000000000018332,97.125016348870233,97.125016348935375,97.125016348944399,101.30993247402273,101.30993247402749,101.30993247402922,101.30993247403838,116.56505117707799,120.96375653207926,0.14142135623722107,1.1401754250992377,0.2828427124748441,1.140175425099098,0.2236067977500298,0.4472135955000342,1.1401754250991478,0.36055512754657554,0.10000000000013642,1.1661903789691304,14.64262,7e-05,44.444,38.889,8.333,2.778,5.556,0.64208,51.17353,51,11.415,14.88743,3.661,48.383000000000003,47.956000000000003,9.5,-0.33999273886493714,7,220.71428571428572,21,728,15.803516255610315,23.249131916963762,4167.3763573916885,3407.4054088151729,6.75,2.598076211353316,33.83178,35.38941,12,6,11.226,12.935,3.844,3.844,87.91946308724832,9.517998779743746,1.769371568029286,0.6711409395973155,0.12202562538133008,0.0
32843,1156,137,1156_137,956,15.467712469593215,0.0,15.467712469593215,0.0,6.908,15.46771,14787.13312,26.76752,26.76752,180.0,19,18,1.987,1.883,26.712831209036544,1.0327678365133734,1,3,6.485,6.799,105.25511870305075,105.25511870305075,105.25511870305075,105.25511870306279,105.25511870306279,112.61986494803581,117.89727103100925,131.82016988014578,161.56505117716918,161.56505117718226,1.1401754250994771,1.1401754250994771,1.1401754250994771,1.1401754250985996,1.1401754250985996,0.1000000000003638,1.2165525060603692,2.5495097567963034,0.3162277660166222,0.4472135954999579,15.57187,0.00046,61.905,28.571,4.762,0.0,4.762,0.20436,41.11439,40,13.788,15.81242,2.0920000000000001,50.209000000000003,47.698999999999998,0.0,0,2,445.5,301,590,6.3668790982275922,12.503606735587869,2115.1912738121741,7380.6371416206621,2.6666666666666665,1.6329931618554521,36.8984,35.08021,5,4,10.042,10.669,3.347,2.929,87.55230125523012,9.728033472803347,1.0460251046025104,1.2552301255230125,0.3138075313807531,0.10460251046025104
32844,1156,138,1156_138,357,9.6227135127986791,0.0004,9.6227135127986791,0.0004,13.468,9.62271,3435.30872,19.20234,19.20234,180.0,7,4,1.961,1.12,47.066185771049916,1.4809928312616101,0,1,9.244,11.765,93.814074834291503,93.814074834329844,97.125016348843189,127.87498365109981,134.99999999999594,135.00000000000003,152.31893843151326,152.48985672319935,158.83874018317644,179.99999879258175,0.2828427124746833,1.0630145812735943,0.14142135623734164,0.10000000000013642,0.09999999999990905,0.10000000000002274,1.208304597359478,2.1931712199461266,1.1401754250992377,1.1313708498985726,9.75028,0.0015,14.286,57.143,0.0,0.0,28.571,0.65794,38.76276,15,9.496,10.28192,0.0,55.462000000000003,44.537999999999997,3.5,-0.2840191848236007,2,119.5,102,137,11.078864743159166,10.845752359015455,153.85102286756035,1674.7622205422213,0.88888888888888895,0.94280904158206336,32.03593,25.7485,3,2,12.325,16.807,5.042,4.762,77.87114845938375,13.165266106442576,4.761904761904762,1.9607843137254901,1.680672268907563,0.5602240896358543
32845,1156,139,1156_139,328,10.475794554383429,0.00061,10.475794554383429,0.00061,8.447,10.47579,3436.06061,16.30491,16.30491,180.0,1,7,0.305,2.134,25.634252844594425,1.0700025042749961,0,1,5.793,6.402,79.695153531230844,79.695153531230844,90.0,90.0,90.0,90.0,95.194428907741752,95.194428907741752,180.0,180.0,1.1180339887498134,1.1180339887498134,0.09999999999990905,0.09999999999990905,0.09999999999990905,0.09999999999990905,1.104536101718761,1.104536101718761,0.10000000000013642,0.10000000000013642,10.63156,0.00121,0.0,71.429,14.286,0.0,14.286,0.75052,6.78044,14,9.366,11.99523,9.1460000000000008,42.378,48.475999999999999,0.0,0,1,272.0,272,272,4.9079472382618343,4.9079472382618343,0.0,3422.2809282004346,48.666666666666664,6.97614984548545,34.96503,45.8042,2,2,8.841,10.061,2.439,1.829,83.23170731707317,13.414634146341463,0.6097560975609756,1.829268292682927,0.0,0.9146341463414634
32846,1156,14,1156_14,289,10.383520729766699,0.00049,10.383520729766699,0.00049,7.941,10.38352,3000.83749,30.62434,30.62434,180.0,3,9,1.038,3.114,38.497998984609055,2.8143890998102226,0,2,5.19,6.92,44.999999999967429,44.999999999967429,44.999999999994571,45.000000000032564,89.999999999981668,89.999999999981668,90.0,104.03624346789535,120.9637565320721,131.63353933656751,0.14142135623726126,0.14142135623726126,0.0999999999999659,0.0999999999999659,1.1313708498984518,1.1313708498984518,0.0999999999999659,0.14142135623726126,1.1661903789690424,0.09999999999990905,10.58024,0.0002,33.333,33.333,16.667,0.0,16.667,0.17001,14.44594,12,8.309,12.75348,10.381,39.792000000000002,49.826999999999998,0.0,0,1,224.0,224,224,10.64231174952049,10.64231174952049,0.0,2989.2459259244715,32.666666666666664,5.715476066494082,30.6383,41.70213,2,2,10.035,10.727,1.73,3.46,83.39100346020761,13.84083044982699,1.0380622837370241,0.6920415224913494,0.6920415224913494,0.3460207612456747
32847,1156,140,1156_140,490,6.4282747204281856,0.03397,6.4282747204281856,0.03397,12.389,6.42827,3149.85461,21.61481,21.61481,180.0,5,3,1.02,0.612,62.434263710540669,1.115241896052386,0,1,3.673,5.51,90.0,97.125016348914144,105.25511870305566,108.43494882295457,111.8014094863608,117.59729586864574,149.03624346792074,153.43494882289596,156.80140948635432,161.5650511771122,0.09999999999990905,1.0816653826392773,1.1401754250991205,0.14142135623726126,1.2041594578793051,0.4123105625618529,0.09999999999999432,0.22360679774982645,0.09999999999990905,0.2236067977500171,6.24471,0.02093,30.0,10.0,0.0,0.0,60.0,0.03151,15.65874,23,5.307,11.30109,24.489999999999998,42.244999999999997,33.265000000000001,0.0,0,2,94.5,11,178,0.19629436737761516,7.0542466883789992,1441.6485899861123,1474.4816279440488,159.52083333333334,12.630155712948806,38.62816,29.24188,1,1,4.694,8.98,1.837,1.429,75.10204081632654,15.306122448979592,7.346938775510204,1.2244897959183674,0.8163265306122449,0.20408163265306123
32848,1156,141,1156_141,596,6.4060854548819659,0.0,6.4060854548819659,0.0,22.323,6.40609,3818.02693,20.70097,20.70097,180.0,5,9,0.839,1.51,55.460508742065159,1.2083355869035872,0,2,4.866,8.054,141.34019174591003,156.16125981682634,161.56505117707636,164.05460409907852,168.69006752598673,169.99202019855724,171.61200390580987,177.11703654746029,179.99999879258175,179.99999879258175,0.09999999999990905,1.0816653826391511,0.09999999999990905,1.1313708498984418,1.118033988749895,1.1313708498984418,3.546829570193682,1.2206555615733963,1.118033988749895,1.118033988749895,6.40316,0.00024,15.385,15.385,15.385,0.0,53.846,0.14774,37.55019,36,5.576,8.82878,10.067,47.651000000000003,42.281999999999996,11.67,-0.5229900775073869,2,125.0,81,169,11.518108723851549,12.620240809022764,776.37549397889632,1836.0051314762668,23.694444444444443,4.8676939555034107,34.33875,31.09049,3,2,9.732,12.752,2.517,2.349,63.758389261744966,14.59731543624161,13.758389261744966,5.87248322147651,1.174496644295302,0.8389261744966443
32849,1156,142,1156_142,909,14.681175910883271,0.00016,14.681175910883271,0.00016,5.545,14.68118,13345.1889,28.28569,28.28569,180.0,21,17,2.31,1.87,47.964647031016483,1.2442277988413621,1,0,8.691,10.011,53.746162262546179,54.37255763020908,63.43494882292201,71.565051176947719,71.56505117707799,75.963756532050525,75.963756532349393,90.0,120.96375653208884,128.34557495399324,0.28284271247436177,5.769748694700499,0.0999999999994543,0.28284271247500486,1.118033988749895,0.14142135623653776,0.14142135623718088,0.1000000000003638,1.1661903789692474,1.3341664064126333,14.83766,2e-05,50.0,35.0,0.0,10.0,5.0,0.05282,30.5295,31,11.416,15.86369,5.5010000000000003,50.274999999999999,44.223999999999997,6.0,-0.8749646274958165,3,271.66666666666669,9,502,4.9006000978609929,12.026637480845078,3210.4859152924669,4435.6211257934392,172.5,13.133925536563698,34.95838,29.4887,10,3,12.321,13.311,4.51,4.62,88.44884488448845,9.350935093509351,1.7601760176017602,0.11001100110011001,0.22002200220022003,0.11001100110011001
32850,1156,143,1156_143,374,11.328607670215874,-0.0,11.328607670215874,-0.0,7.39,11.32861,4236.89927,19.52332,19.52332,172.875,6,8,1.604,2.139,40.353557345235124,0.69377859118448937,0,0,4.813,5.615,52.428556441812169,64.864297403410006,71.565051177078118,71.565051177078118,75.963756532186551,82.874983651088186,89.999999999999972,89.999999999999986,97.125016348901681,127.87498365108819,4.8052055106936296,2.630589287593181,0.1414213562373093,0.1414213562373093,1.1661903789692474,0.14142135623718088,1.118033988749895,0.22360679774997896,0.1414213562373093,1.140175425099098,11.63721,0.00016,25.0,37.5,12.5,12.5,12.5,0.19221,26.24826,18,10.409,13.52362,8.0210000000000008,49.465000000000003,42.512999999999998,14.0,-0.5597707296289134,1,298.0,298,298,11.12015426677597,11.12015426677597,0.0,4220.0240971460371,109.36000000000001,10.457533169921097,38.33866,37.38019,1,1,7.487,9.893,3.209,2.674,84.22459893048128,11.764705882352942,3.2085561497326203,0.26737967914438504,0.26737967914438504,0.26737967914438504
32851,1156,144,1156_144,547,2.7874375205245761,0.00222,2.7874375205245761,0.00222,19.157,2.78744,1524.72832,10.911,10.911,180.0,12,9,2.194,1.645,8.1558227821516969,0.57535436424024122,0,0,4.388,6.581,116.56505117707799,116.56505117707799,122.17121712854498,146.88865803962662,146.88865803963114,153.43494882291549,153.43494882292202,162.89727103094981,179.99999879258175,180.0,1.118033988749895,1.118033988749895,1.360147050873561,1.1401754250991478,1.20415945787922,0.22360679774991543,1.118033988749895,1.2165525060596403,0.14142135623730148,0.10000000000002274,2.81273,0.00056,0.0,0.0,0.0,25.0,75.0,0.05078,7.3079,17,1.497,3.63643,9.141,48.811999999999998,42.048000000000002,7.0,-0.43569512642859076,8,29.875,9,91,0.13247722365828921,5.2097886130537541,165.79120624590229,163.5708706752722,71.666666666666671,8.4656167328001963,37.10843,35.42169,0,0,8.227,10.42,1.463,1.828,57.95246800731262,26.873857404021937,10.603290676416819,2.9250457038391224,1.0968921389396709,0.5484460694698354
32852,1156,145,1156_145,513,8.8715390973458845,0.02628,8.8715390973458845,0.02628,10.318,8.87154,4551.09956,19.41803,19.41803,180.0,9,8,1.754,1.559,40.623727767460252,0.7050219195435683,0,0,4.678,4.873,63.868999455058187,78.690067525981462,85.236358309284824,90.0,97.125016348901767,104.0362434679265,111.80140948635069,136.08092418669696,165.96375653207738,179.99999879258175,0.4123105625618529,0.20000000000004547,0.2236067977500171,1.118033988749895,0.22360679774997816,1.16619037896906,1.0770329614268923,1.6763054614243682,0.20000000000027285,0.14142135623730964,8.8669,0.02177,18.182,27.273,18.182,0.0,36.364,1.66887,26.68752,21,7.065,11.07615,15.595000000000001,44.055,40.350999999999999,10.0,-0.895781009798951,5,70.599999999999994,6,262,0.78772867356558285,11.260199999548735,1368.9334069298686,872.28101035378836,209.80555555555557,14.484666221751731,35.85366,36.09756,1,0,6.823,8.967,1.365,1.754,77.19298245614036,17.348927875243664,3.898635477582846,0.7797270955165692,0.3898635477582846,0.3898635477582846
32853,1156,146,1156_146,288,11.453167024353174,0.0,11.453167024353174,0.0,6.885,11.45317,3298.5121,18.86637,18.86637,180.0,2,7,0.694,2.431,40.889340112269075,1.3778736622511545,1,1,7.639,6.944,26.095424157390291,27.962232204378278,30.511101361292539,30.563466494923453,43.622016753691796,58.427150458754404,75.963756532076076,90.0,110.37643521383622,149.03624346795905,4.326661530556857,1.2041594578792767,3.492849839314479,12.116517651536704,4.539823785126455,4.341658669218665,0.2999999999999545,0.10000000000002274,1.2369316876853313,0.14142135623742205,11.66307,0.0001,33.333,50.0,0.0,0.0,16.667,1.82774,15.22497,16,10.808,14.1314,13.888999999999999,39.930999999999997,46.180999999999997,8.0,-0.5052073336523388,1,230.0,230,230,10.793601982264239,10.793601982264239,0.0,3290.1743198709419,420.25,20.5,29.61373,38.62661,1,1,12.5,10.764,3.125,3.125,85.06944444444444,12.847222222222221,0.6944444444444444,0.6944444444444444,0.3472222222222222,0.3472222222222222
32854,1156,147,1156_147,768,13.735324434268668,0.00013,13.735324434268668,0.00013,5.773,13.73532,10548.72917,22.86504,22.86504,180.0,16,14,2.083,1.823,38.272946018715501,0.92790877936060701,1,1,4.948,5.339,79.592288687425494,79.695153531234041,79.695153531234396,79.695153531237878,85.030259271890387,85.23635830927428,95.194428907734263,105.25511870305735,106.26020470831773,180.0,0.4123105625616392,0.19999999999999574,1.1180339887499164,0.09999999999999432,0.20000000000001705,0.10000000000000142,1.1045361017190904,1.1401754250991591,1.1180339887499178,0.10000000000000142,13.83793,0.00014,58.824,23.529,0.0,0.0,17.647,0.61792,41.7112,24,11.608,14.89123,1.302,50.780999999999999,47.917000000000002,32.0,-0.48180700865360665,3,223.33333333333334,48,333,10.816074800792867,13.701881666912749,2047.1864795219915,3504.9421433364855,21.0,4.5825756949558398,37.85311,36.29944,2,1,8.464,7.682,1.432,1.172,89.453125,8.203125,1.6927083333333333,0.390625,0.0,0.2604166666666667
32855,1156,148,1156_148,943,13.545632748163278,0.0,13.493030263817195,0.0,5.137,13.54563,12773.53168,22.63184,65.99591,180.0,6,9,0.636,0.954,40.846840556341029,0.64898844390131138,1,1,7.211,8.271,90.000000000333529,105.25511870305284,105.25511870305318,107.65012421992455,107.65012421992455,108.43494882250525,109.98310652192427,109.98310652192427,116.56505117707799,128.65980825409025,1.118033988749895,0.10000000000000142,1.14017542509949,2.308679276123731,2.308679276123731,0.14142135623628027,1.1704699910705945,1.1704699910705945,1.118033988749895,0.10000000000000142,13.61016,0.00027,55.0,25.0,5.0,0.0,15.0,0.23378,8.99096,10,4.347,14.51842,5.3019999999999996,46.128999999999998,48.567999999999998,8.0,-0.2913049860067103,3,280.33333333333331,15,807,2.2106852875310445,17.78243642919168,5909.8706720731507,4244.0175841984083,9.9591836734693864,3.1558174334820741,33.56164,38.58447,2,1,10.392,12.725,2.757,3.075,91.51643690349947,5.832449628844114,1.2725344644750796,1.1664899257688228,0.10604453870625663,0.10604453870625663
32856,1156,149,1156_149,845,10.709580052139303,0.0,10.709580052139303,0.0,6.583,10.70958,9049.59514,20.71714,20.71714,180.0,14,16,1.657,1.893,43.222315225163115,1.1265634571339755,0,2,6.627,7.219,90.0,99.462322208016815,109.98310652190568,116.56505117707799,116.56505117707799,119.74488129693221,135.0,139.39870535499171,161.56505117707798,180.0,0.20000000000027285,0.09999999999990905,0.09999999999990905,1.118033988749895,1.118033988749895,1.140175425099098,0.28284271247436177,1.3038404810404776,0.2236067977497756,0.14142135623718088,10.76787,4e-05,22.222,44.444,11.111,0.0,22.222,0.02864,29.60746,21,5.594,12.78169,13.018000000000001,44.734000000000002,42.249000000000002,13.0,-0.6234588497247571,7,96.285714285714292,14,232,3.9446060143994512,16.062643051984068,1135.6310740114786,1286.6217786782051,813.66666666666663,28.52484297356721,32.24894,30.83451,4,2,9.941,10.178,2.485,2.722,87.2189349112426,8.994082840236686,2.2485207100591715,0.9467455621301775,0.35502958579881655,0.23668639053254437
32857,1156,15,1156_15,482,11.78821112362998,0.00029,11.78821112362998,0.00029,10.779,11.78821,5681.91776,20.61189,20.61189,180.0,9,12,1.867,2.49,45.74824447983012,1.7769806048506238,0,2,7.676,7.261,97.049178167494148,99.46232220801727,105.25511870305566,105.25511870305566,105.25511870305566,105.25511870306116,118.61045966596109,161.56505117707636,180.0,180.0,1.1180339887499253,1.2165525060596027,0.09999999999990905,0.09999999999990905,0.09999999999990905,0.10000000000002274,0.09999999999990905,0.316227766016793,0.09999999999990905,0.09999999999990905,11.87581,0.00017,50.0,20.0,0.0,10.0,20.0,1.95399,39.77446,25,10.33,13.76877,6.2240000000000002,46.058,47.718000000000004,0.0,0,3,128.66666666666666,10,225,0.73762858178822444,15.924517224015423,1347.2697424397657,1883.9751370048098,91.599999999999994,9.5707888912043195,31.5534,33.00971,6,3,10.581,11.618,4.149,3.734,74.48132780082987,21.78423236514523,1.4522821576763485,1.4522821576763485,0.2074688796680498,0.6224066390041494
32858,1156,150,1156_150,500,9.632281082001148,0.0004,9.632281082001148,0.0004,7.073,9.63228,4816.14054,16.42346,16.42346,99.462,13,15,2.6,3.0,17.894121157322775,0.77435564345612484,0,1,3.4,3.8,45.000000000032564,45.000000000032564,49.609798387035859,63.990601677879887,77.471192290871855,80.837652954280998,81.869897645859169,84.897834747628593,85.42607874011911,90.0,0.14142135623726126,0.14142135623726126,3.220248437620745,2.475883680627873,0.31622776601658625,1.1661903789690133,0.9486832980506037,0.5385164807134462,1.2165525060597335,1.1999999999999886,9.73582,0.00072,0.0,54.545,27.273,9.091,9.091,0.05465,17.33801,18,8.372,10.64129,8.0,44.799999999999997,47.200000000000003,12.0,-0.606107146384421,2,218.5,65,372,8.8122165947670634,3.6133188516500043,1888.442595608665,2398.4475317486094,196.0,14.0,37.83186,41.37168,1,1,7.0,6.6,2.0,1.6,85.4,11.8,2.4,0.4,0.0,0.0
32859,1156,151,1156_151,560,8.2085218486797036,0.00025,8.2085218486797036,0.00025,13.096,8.20852,4596.77224,20.59345,20.59345,176.634,11,8,1.964,1.429,49.652454774033657,0.79033265803679742,0,0,5.536,6.786,105.25511870305778,105.25511870305778,108.43494882294847,108.43494882294847,109.98310652189998,128.60560223476836,130.23635830930462,150.9453959009528,170.13419305691562,170.81116392265014,1.1401754250991376,1.1401754250991376,1.118033988749895,1.118033988749895,0.09999999999999998,1.1180339887498636,1.2041594578792247,1.4560219778561272,1.044030650891055,1.140175425099194,8.35231,0.00083,16.667,33.333,0.0,0.0,50.0,0.19271,18.39337,21,6.681,10.0242,5.3570000000000002,50.179000000000002,44.463999999999999,0.0,0,4,87.5,8,293,0.5307103771860745,10.76934960663988,1774.1947286310283,1127.0795330880303,26.222222222222221,5.1207638319124058,34.27948,33.40611,2,2,8.571,11.071,2.143,2.857,72.67857142857143,17.321428571428573,7.321428571428571,1.6071428571428572,0.5357142857142857,0.5357142857142857
32860,1156,152,1156_152,473,0.72414064467383965,0.00047,0.72414064467383965,0.00047,8.933,0.72414,342.51852,8.86848,8.86848,180.0,2,3,0.423,0.634,3.2917091216573597,0.18527492752657243,0,0,0.423,3.171,93.366460663429777,97.125016348904254,108.43494882292404,108.43494882292404,108.43494882293014,111.80140948634957,114.44395478041665,149.03624346792674,179.99999914622637,180.0,0.31622776601683783,0.14142135623730648,0.14142135623730648,0.14142135623730648,0.14142135623732158,0.22360679774996944,0.10000000000002274,0.09999999999999432,0.4472135954999707,0.1,0.73818,0.0,0.0,0.0,0.0,0.0,100.0,0.02517,12.20532,14,0.371,3.11723,50.740000000000002,30.867000000000001,18.393000000000001,12.5,-0.4288930251486222,3,17.666666666666668,7,24,0.14604702699557562,2.510661127460891,54.957314921224452,94.090032914531193,397.58333333333331,19.939491802283559,32.69231,30.76923,0,0,0.423,4.651,0.0,0.0,83.72093023255815,8.033826638477802,5.496828752642706,1.9027484143763214,0.21141649048625794,0.6342494714587738
32861,1156,153,1156_153,1315,10.75405484268769,8e-05,10.75405484268769,8e-05,5.948,10.75405,14141.58212,26.70917,26.70917,180.0,34,39,2.586,2.966,41.152410904343789,0.63172912729107833,0,2,3.27,2.89,90.0,106.26020470831274,110.85445803957833,114.44395478041832,139.39870535492199,161.56505117706493,165.96375653210416,180.0,180.0,180.0,1.2000000000000002,1.118033988749915,2.2472205054244228,1.2083045973593745,1.2369316876849452,0.1000000000003638,0.4123105625622734,0.1000000000003638,0.1000000000003638,0.1000000000003638,10.83419,3e-05,17.241,37.931,20.69,3.448,20.69,0.00974,44.45178,39,7.121,12.52235,12.167,43.802,44.030000000000001,8.5,-0.6695597587076492,4,271.25,25,698,4.7838789541917199,9.100493657372553,3352.4007462878285,3519.6911696225693,1520.2399999999998,38.990255192804263,37.76596,39.53901,2,2,6.692,6.996,1.597,1.293,90.26615969581749,7.52851711026616,1.2927756653992395,0.38022813688212925,0.22813688212927757,0.3041825095057034
32862,1156,154,1156_154,1700,13.338287689347917,0.00667,13.338287689347917,0.00667,3.744,13.33829,22675.08907,21.73039,21.73039,75.5,30,23,1.765,1.353,13.821657986777979,0.84327986686524203,1,1,6.882,6.471,36.620827238143654,37.778506254694904,42.086634270155066,42.273689006086641,44.999999999961325,47.963936803443502,54.462322208066908,54.954192186531735,59.922007459129489,74.42972617220255,3.1400636936214337,11.884864324004706,3.956008088970453,1.649242250247086,0.14142135623740698,2.0024984394500787,0.1414213562374057,4.110960958218924,0.9848857801794859,1.7464249196571484,13.33568,0.00639,29.73,54.054,13.514,0.0,2.703,0.15563,31.55945,40,11.976,13.69932,4.7060000000000004,47.176000000000002,48.118000000000002,0.0,0,2,674.0,174,1174,7.3933561378142114,8.3396119263986908,6971.0896222671417,9388.6640822520967,240.25,15.5,36.43505,36.67674,3,1,11.706,11.294,2.235,2.765,93.11764705882354,6.529411764705882,0.35294117647058826,0.0,0.0,0.0
32863,1156,155,1156_155,1385,12.646684513622111,0.0008,12.646684513622111,0.0008,10.637,12.64668,17515.65805,48.38388,48.38388,180.0,29,29,2.094,2.094,64.299811246123724,2.7852234176852018,0,5,5.56,5.776,169.69515353123813,174.80557109227152,179.99999914622637,179.99999914622637,180.0,180.0,180.0,180.0,180.0,180.0,1.0999999999994543,1.1000000000003638,1.2165525060604065,1.2165525060604065,1.1045361017186273,1.1045361017186273,1.1045361017186273,1.1045361017186273,1.1045361017186273,1.1045361017186273,12.68217,0.00061,53.333,10.0,16.667,0.0,20.0,0.04793,43.0306,46,9.945,14.42893,3.6099999999999999,49.963999999999999,46.426000000000002,7.0,-0.549574241379987,6,180.33333333333334,6,700,0.19369452320675015,26.96410058024664,4302.5649722083326,2899.4071194180538,52.9375,7.2758161054276238,35.94394,33.55317,5,5,8.953,10.253,2.599,2.455,82.45487364620939,10.830324909747292,3.898916967509025,1.227436823104693,0.8664259927797834,0.7220216606498195
32864,1156,156,1156_156,852,15.596788011372396,0.00121,15.596788011372396,0.00121,6.977,15.59679,13288.46339,28.30866,28.30866,180.0,19,22,2.23,2.582,37.984640348028577,1.3596313501369179,1,1,8.803,7.629,97.125016348897788,97.125016348941884,97.125016348965929,101.30993247392,101.30993247412044,111.80140948634882,131.49646835520255,145.17551084303324,149.11892130306188,156.48544331705747,0.28284271247436177,0.36055512754569263,0.22360679774957223,1.1401754250987393,0.22360679774997896,0.14142135623718088,1.5524174696259085,1.118033988749895,1.1180339887497728,1.2529964086134264,15.72739,0.00043,55.556,27.778,11.111,5.556,0.0,2.01187,41.43429,33,12.383,15.8367,3.5209999999999999,50.116999999999997,46.362000000000002,11.0,-0.8065451396117779,4,202.25,58,363,10.84478550314426,32.823444098702034,2114.2986558679017,3316.2944846147902,2.25,1.5,31.34684,29.32062,4,2,12.324,12.559,4.577,3.286,86.85446009389672,9.976525821596244,1.5258215962441315,1.056338028169014,0.4694835680751174,0.11737089201877934
32865,1156,157,1156_157,405,9.8342263705926758,0.00025,9.8342263705926758,0.00025,9.959,9.83423,3982.86168,18.33576,18.33576,180.0,4,8,0.988,1.975,41.728559593174154,0.96878442369943851,0,1,4.444,5.432,90.0,90.0,94.763641690727297,94.763641690727297,95.19442890773054,95.194428907732927,100.30484646878064,153.43494882291552,165.96375653208884,180.0,1.1000000000000227,1.1000000000000227,1.20415945787922,1.20415945787922,0.1999999999998181,0.19999999999998863,0.20000000000027285,0.22360679774997896,0.1000000000003638,1.1045361017187456,9.9587,0.00023,25.0,37.5,25.0,0.0,12.5,0.10216,35.77151,19,8.787,12.46539,12.346,44.444000000000003,43.210000000000001,13.0,-0.39040372825896213,2,147.0,30,264,6.8097973103477845,9.6509356737419676,1627.3487943103028,1977.0805235266935,25.4375,5.0435602504580039,33.54232,38.55799,1,1,8.148,9.383,2.469,2.716,81.23456790123457,12.839506172839506,3.2098765432098766,1.728395061728395,0.49382716049382713,0.49382716049382713
32866,1156,158,1156_158,385,10.708435258560291,0.0,10.708435258560291,0.0,5.54,10.70844,4122.74757,20.6497,20.6497,50.528,7,9,1.818,2.338,27.35666106646951,0.71555541047616567,0,1,5.195,5.974,31.294942320488214,31.37024388109111,33.690067525985086,42.239542458481793,44.999999999894143,44.999999999894143,45.000000000024436,45.0000000000285,45.0000000000285,45.0000000000285,3.5227829907617063,12.63724653553933,4.808326112068581,3.801315561749623,0.14142135623756272,0.14142135623756272,0.1999999999998181,0.09999999999990905,0.09999999999990905,0.09999999999990905,10.92279,0.00018,25.0,37.5,25.0,0.0,12.5,0.58203,7.56788,16,9.723,12.40577,12.987,41.558,45.454999999999998,29.0,-0.26715832260697003,1,331.0,331,331,10.359436862590174,10.359436862590174,0.0,4118.7140077817703,0.0,0.0,36.74699,40.66265,1,1,8.831,8.052,2.597,3.636,86.23376623376623,12.467532467532468,1.2987012987012987,0.0,0.0,0.0
32867,1156,159,1156_159,1577,10.000526281461777,-0.0,10.000526281461777,-0.0,7.871,10.00053,15770.82995,21.55226,21.55226,180.0,22,33,1.395,2.093,35.383824125498073,0.94221823372266733,0,2,6.848,7.356,108.43494882298714,109.98310652189998,127.87498365110622,161.56505117707798,175.42607874011611,180.0,180.0,180.0,180.0,180.0,0.14142135623734164,1.1704699910719625,1.1401754250993772,0.14142135623730995,0.5830951894846237,0.141421356237309,0.141421356237309,0.141421356237309,0.141421356237309,0.141421356237309,10.06416,1e-05,20.0,31.429,20.0,11.429,17.143,0.00312,34.93489,56,8.641,11.72955,12.682,44.198,43.119999999999997,8.33,-0.8254370910714048,5,260.0,58,617,11.911444516431008,6.9519690695499641,3022.0845481043716,3143.0727684259059,452.63999999999999,21.275337835155522,33.58153,33.35815,5,2,10.146,11.921,3.868,3.551,78.56689917564997,19.023462270133166,1.648700063411541,0.19023462270133165,0.12682308180088775,0.4438807863031072
32868,1156,16,1156_16,1269,10.997402111605084,0.0,10.997402111605084,0.0,5.95,10.9974,13955.70328,40.85401,40.85401,180.0,16,17,1.261,1.34,70.928210625451314,1.5319441541350447,0,2,4.807,5.674,95.19442890773054,95.194428907738555,100.30484646876761,100.30484646877332,180.0,180.0,180.0,180.0,180.0,180.0,0.09999999999990905,0.20000000000004547,1.1180339887493458,1.118033988749366,0.10000000000002274,0.10000000000002274,0.10000000000002274,0.10000000000002274,0.10000000000002274,0.10000000000002274,11.03578,1e-05,53.571,10.714,0.0,3.571,32.143,0.00125,44.91836,39,12.813,15.75744,26.004999999999999,38.533999999999999,35.460999999999999,22.0,-0.7913738319519951,2,417.0,276,558,11.289958961590321,13.171845664776503,2744.6908364905862,6957.2696863332658,2536.3333333333335,50.362022728771862,34.12429,33.55932,8,5,7.801,9.141,2.679,2.758,88.96769109535067,8.274231678486998,1.7336485421591805,0.4728132387706856,0.0,0.5516154452324665
32869,1156,160,1156_160,245,9.6728492501531331,0.0,9.6728492501531331,0.0,12.263,9.67285,2369.84807,20.66495,20.66495,180.0,3,6,1.224,2.449,56.013620036873178,1.4632013930661483,0,1,6.122,5.306,76.809389287800272,77.660912721676468,78.690067525977284,90.0,90.0,104.03624346792074,119.7448812969718,149.03624346793035,156.80140948634511,176.82016988012813,1.2206555615733312,1.2041594578792767,0.509901951359283,0.09999999999990905,0.09999999999990905,0.8246211251235818,0.14142135623726126,0.8246211251234989,0.14142135623734164,1.1401754250990384,9.81488,8e-05,40.0,20.0,0.0,20.0,20.0,0.0727,27.67203,10,9.089,12.84422,16.327000000000002,42.856999999999999,40.816000000000003,0.0,0,1,158.0,158,158,13.170938295053354,13.170938295053354,0.0,2335.3037524918022,420.25,20.5,38.04348,30.43478,1,1,7.347,9.796,2.041,2.857,73.46938775510205,18.775510204081634,4.489795918367347,1.6326530612244898,0.8163265306122449,0.8163265306122449
32870,1156,161,1156_161,1552,4.4507949401741547,-0.0,4.4507949401741547,-0.0,7.312,4.45079,6907.63375,18.2784,18.2784,180.0,33,33,2.126,2.126,23.852834194334573,0.41192542961524925,0,1,0.258,0.451,108.43494882291549,116.56505117709361,120.96375653206971,123.6900675259397,123.69006752600986,134.99999999997829,135.00000000000003,150.94539590091301,166.67546873810306,168.6900675259898,0.14142135623732158,0.22360679774997896,0.5830951894845067,0.3605551275464494,0.10000000000013642,0.424264068712025,0.10000000000013642,0.14142135623718088,0.5000000000000455,0.3605551275463863,4.4619,2e-05,0.0,5.882,17.647,26.471,50.0,0.00367,43.44689,57,2.355,7.78344,35.438000000000002,34.343000000000004,30.219000000000001,21.43,-0.10618932878279773,20,39.200000000000003,5,107,0.025291811861625081,9.9808021958149169,261.45625517206207,335.98795417869275,2489.8024691358023,49.897920489092549,40.88838,37.69932,1,1,0.709,0.773,0.129,0.129,84.60051546391753,10.50257731958763,3.1572164948453607,1.1597938144329898,0.5154639175257731,0.06443298969072164
32871,1156,162,1156_162,1093,14.159807496310545,0.00107,14.159807496310545,0.00107,5.911,14.15981,15476.66959,20.67849,20.67849,116.565,19,19,1.738,1.738,23.752898327994888,1.0049473585413322,1,2,5.672,6.77,71.565051177071879,71.565051177240832,82.746805387274549,90.0,90.0,90.0,90.0,104.03624346793455,104.0362434680558,111.80140948633066,0.1414213562373266,1.118033988749895,1.0770329614269003,0.10000000000002274,0.10000000000002274,0.10000000000002274,0.10000000000002274,1.1661903789690609,1.1661903789690717,0.22360679774994083,14.22447,0.00032,66.667,20.833,4.167,0.0,8.333,0.19234,21.31482,35,12.144,14.94676,6.4039999999999999,45.563000000000002,48.033000000000001,13.0,-0.6225571975094648,2,504.5,53,956,12.722658763663503,7.9637240528151594,7037.8938097118453,7723.2684674960883,185.25,13.610657588816199,35.36232,39.32367,4,2,10.43,10.979,2.836,3.385,87.74016468435498,9.606587374199451,1.9213174748398902,0.7319304666056725,0.0,0.0
32872,1156,163,1156_163,1519,14.964584137316907,7e-05,14.964584137316907,7e-05,6.713,14.96458,22731.2033,30.91618,30.91618,153.435,27,25,1.777,1.646,43.089931274582547,1.3848443336269003,1,3,9.151,10.467,99.462322208015067,105.25511870304577,109.98310652187718,109.98310652192662,109.98310652192662,111.80140948633385,114.44395478041832,120.96375653208884,122.27564431456628,127.87498365110221,0.1000000000003638,0.09999999999990905,0.0999999999994543,1.1704699910720635,1.1704699910720635,0.0999999999994543,0.20000000000027285,1.1661903789692474,2.2472205054247874,0.0999999999994543,15.01431,6e-05,66.667,18.182,3.03,3.03,9.091,0.17685,48.72809,58,11.545,15.7491,1.3169999999999999,51.810000000000002,46.872999999999998,14.0,-1.1279784558559827,3,455.33333333333331,165,624,48.564301455641441,15.851110299771486,3200.6881409160223,7559.1112385352417,14.25,3.7749172176353749,31.87803,28.41303,9,3,14.088,15.734,4.608,4.345,86.43844634628044,10.072416063199473,2.633311389071758,0.5924950625411455,0.2633311389071758,0.0
32873,1156,164,1156_164,1112,9.7096625374107468,0.0,9.663481564197717,0.0,10.407,9.70966,10797.14474,19.47332,67.05356,168.69,21,21,1.888,1.888,31.182258950497161,1.1518406972538202,0,2,7.284,7.014,97.125016348931865,104.03624346789773,105.25511870305877,106.38954033401912,108.43494882293828,118.6104596659646,127.8749836510917,127.87498365110973,153.43494882291998,165.96375653203714,0.14142135623726126,0.14142135623742205,1.140175425099108,0.14142135623730148,1.118033988749895,1.2529964086141205,1.1401754250990084,1.1401754250992875,1.0770329614268501,0.5830951894845067,9.69439,3e-05,0.0,58.333,16.667,8.333,16.667,0.9057,34.25627,36,8.206,10.64899,5.3959999999999999,46.673000000000002,47.932000000000002,5.0,-0.49379512116344626,8,115.625,9,224,0.23864601201092236,10.805519265276379,1038.4222895823207,1339.5784504389499,73.0,8.5440037453175304,34.3254,36.30952,10,4,10.162,10.881,3.597,3.687,73.65107913669065,21.58273381294964,3.147482014388489,1.169064748201439,0.44964028776978415,0.0
32874,1156,165,1156_165,1559,10.152289992091138,0.0,10.109701909790559,0.0,6.819,10.15229,15827.4201,24.44034,89.34215,180.0,17,17,1.09,1.09,82.453157570994946,0.86542795609251322,0,3,4.041,5.516,119.74488129694214,168.50343698242378,180.0,180.0,180.0,180.0,180.0,180.0,180.0,180.0,1.8027756377320072,1.1180339887497728,0.10000000000013642,0.10000000000013642,0.10000000000013642,0.10000000000013642,0.10000000000013642,0.10000000000013642,0.10000000000013642,0.10000000000013642,10.12638,8e-05,41.176,11.765,5.882,0.0,41.176,0.02665,30.76755,58,8.254,15.78698,26.298999999999999,40.218000000000004,33.482999999999997,36.0,-0.5074015576615213,2,459.5,221,698,9.1985418577131224,25.83134409517503,4309.0942476699593,7872.5781324556665,219.85459533607684,14.827494573800283,36.71013,35.80742,10,7,5.965,7.441,2.181,1.539,88.26170622193715,8.082103912764593,1.4753046824887748,1.539448364336113,0.06414368184733804,0.5772931366260423
32875,1156,166,1156_166,856,10.287280762583794,0.00023,10.287280762583794,0.00023,8.084,10.28728,8805.91233,27.65231,27.65231,180.0,16,25,1.869,2.921,25.744775072521058,1.5292966874748104,0,4,5.491,6.308,85.236358309275403,88.451842301016001,93.179830119859972,96.581944655165458,97.158017658209943,105.25511870305803,105.25511870305803,165.96375653207159,180.0,180.0,1.2041594578792154,0.31622776601683794,0.31622776601678404,1.1704699910719225,3.7854986461495748,1.140175425099163,1.140175425099163,0.10000000000002274,0.10000000000002274,0.10000000000002274,10.33278,8e-05,10.526,42.105,31.579,5.263,10.526,0.05033,24.97447,33,9.638,11.16339,5.8410000000000002,43.223999999999997,50.935000000000002,8.0,-0.4847015666415062,3,255.0,65,464,7.7043337582305504,9.8882526792656726,1901.3059387872763,2925.5123600285133,92.639999999999986,9.6249675324127715,34.13706,42.25888,5,4,9.229,10.047,2.921,3.271,80.8411214953271,16.121495327102803,1.985981308411215,0.5841121495327103,0.11682242990654206,0.35046728971962615
32876,1156,167,1156_167,538,11.630798230946047,0.0,11.630798230946047,0.0,8.486,11.6308,6257.36945,20.83555,20.83555,180.0,9,13,1.673,2.416,41.368175633698932,1.1954331607390349,0,2,6.691,6.134,86.633539336536728,86.633539336569299,93.814074834270613,97.125016348863227,97.125016348863227,108.43494882292201,123.69006752597814,133.99491399476506,157.75097634279109,179.99999879258175,1.2041594578791823,0.2828427124746833,1.0630145812734606,1.1401754250990583,1.1401754250990583,0.2828427124746833,0.10000000000002274,0.5000000000000909,1.118033988749895,0.28284271247460296,11.75005,4e-05,45.455,27.273,0.0,18.182,9.091,1.49772,31.11693,25,10.188,13.67378,7.4349999999999996,45.539000000000001,47.026000000000003,19.0,-0.8276298884793434,3,145.0,15,232,2.6377088750222963,12.838930334698739,1414.868359108809,2076.2465163660995,16.25,4.0311288741492746,33.26039,36.54267,3,2,10.967,8.736,3.717,3.16,81.59851301115242,14.869888475836431,1.858736059479554,0.7434944237918215,0.5576208178438662,0.37174721189591076
32877,1156,168,1156_168,749,0.061649549100760849,0.0,0.061649549100760849,0.0,2.745,0.06165,46.17551,1.16619,1.16619,180.0,0,0,0.0,0.0,0.043662617474845102,0.091335693887241304,0,0,0.134,3.338,85.601294645004614,90.0,90.0,97.125016348901795,161.56505117707795,179.99999879258175,179.99999879258175,180.0,180.0,180.0,0.22360679774997896,0.10000000000000009,0.10000000000000009,1.081665382639197,0.22360679774997896,0.14142135623730948,0.14142135623730948,0.19999999999999996,0.19999999999999996,0.19999999999999996,0.06101,0.00021,0.0,0.0,0.0,0.0,100.0,0.00233,0.10105,29,0.086,0.70292,70.760999999999996,22.562999999999999,6.6760000000000002,0.0,0,0,0,0,0,0,0,0.0,0.0,722.71900826446279,26.883433714175403,6.97674,6.97674,0,0,0.134,3.605,0.0,0.0,97.32977303070761,0.26702269692923897,1.0680907877169559,0.40053404539385845,0.13351134846461948,0.8010680907877169
32878,1156,169,1156_169,942,8.7569203632447135,0.0,8.7569203632447135,0.0,9.977,8.75692,8249.01898,19.00658,19.00658,180.0,19,19,2.017,2.017,34.3188085968007,0.78356192045981998,0,2,5.202,4.883,100.30484646876597,101.30993247388493,104.03624346780003,145.30484646875769,153.43494882297415,163.73979529167553,164.6871816392086,167.90524292298159,180.0,180.0,0.1999999999999993,1.1401754250985996,1.1661903789690133,1.581138830084017,0.1000000000003638,1.118033988749895,1.2165525060597335,0.09999999999990905,0.20000000000000284,0.20000000000000284,8.84497,0.00013,5.0,45.0,5.0,5.0,40.0,0.80762,29.10324,31,7.415,10.12974,7.431,47.345999999999997,45.222999999999999,11.33,-0.5503031938945547,9,80.0,6,288,0.14661275200739518,11.947768601898401,1388.1798117008896,903.87093905912855,16.925619834710741,4.1140758178126395,34.93235,36.16236,4,3,8.174,9.342,2.123,2.123,78.02547770700637,16.56050955414013,3.6093418259023355,0.9554140127388535,0.5307855626326964,0.3184713375796178
32879,1156,17,1156_17,234,12.149801372046852,0.0,12.149801372046852,0.0,7.478,12.1498,2843.05352,23.14584,23.14584,90.0,4,8,1.709,3.419,54.103651406133281,1.5029865720270856,1,2,4.274,2.991,28.356673675099444,28.369324675431137,28.454581768542475,36.100197352521057,45.0,48.576334374998105,71.565051177045419,74.541578403204696,79.695153531244401,89.999999999934857,12.306502346320837,12.304470732217634,11.060289327137877,6.22012861603364,0.09999999999990905,1.1313708498984116,0.28284271247452253,5.277309920783565,1.118033988749895,1.1313708498984116,12.45754,0.00011,60.0,20.0,0.0,0.0,20.0,0.60593,22.89034,10,11.265,15.27222,12.821,44.017000000000003,43.161999999999999,0.0,0,1,181.0,181,181,15.131985396629833,15.131985396629833,0.0,2836.7520822978177,361.0,19.0,36.55914,35.48387,2,2,7.692,7.692,3.846,1.282,81.19658119658119,15.811965811965813,2.5641025641025643,0.42735042735042733,0.0,0.0
32880,1156,170,1156_170,287,2.9045515117278753,0.0,2.9045515117278753,0.0,14.284,2.90455,833.60628,17.81011,17.81011,180.0,3,4,1.045,1.394,25.371942885057287,0.36624504740434682,0,0,1.742,1.742,79.695153531234752,82.234833981574553,90.0,100.30484646876525,114.44395478041611,180.0,180.0,180.0,180.0,180.0,0.39999999999997726,0.30000000000001137,0.30000000000001137,1.118033988749915,1.208304597359478,0.39999999999997726,0.39999999999997726,0.39999999999997726,0.39999999999997726,0.39999999999997726,2.95284,0.00036,0.0,16.667,0.0,16.667,66.667,0.00373,32.70527,6,1.334,6.37137,34.843000000000004,35.539999999999999,29.617000000000001,0.0,0,2,37.5,9,66,0.68940315885938452,19.192147126620974,353.714425143754,384.29167721342804,594.55555555555566,24.383509910502131,33.33333,38.75969,0,0,5.923,7.666,0.348,0.697,78.74564459930313,8.013937282229966,10.104529616724738,1.0452961672473868,0.0,2.0905923344947737
32881,1156,171,1156_171,1023,10.611069081236765,0.0,10.611069081236765,0.0,8.114,10.61107,10855.12367,21.50814,21.50814,180.0,21,23,2.053,2.248,34.322495455664949,1.2182677746571227,0,1,6.647,7.82,81.25383773744403,89.999999999869729,90.0,90.0,90.000000000130271,93.366460663281558,94.398705354991719,108.43494882292363,108.43494882292852,180.0,0.09999999999990905,0.1414213562368593,1.1313708498987332,1.1313708498987332,1.1313708498987332,0.1414213562368593,0.2236067977497756,1.264911064067172,0.10000000000013642,0.28284271247436177,10.64179,0.0,18.182,40.909,18.182,13.636,9.091,0.8573,38.01083,40,9.508,11.65074,2.9329999999999998,50.929000000000002,46.139000000000003,10.25,-0.2608607305687314,4,216.75,6,396,1.0373226910300983,9.3765051913695103,2033.7209119288596,2693.2836215054299,80.979591836734684,8.9988661417277829,35.23093,30.39742,2,2,10.459,11.339,3.324,3.03,77.02834799608993,20.13685239491691,1.9550342130987293,0.6842619745845552,0.0,0.19550342130987292
32882,1156,172,1156_172,234,2.9604421372363214,0.0,2.9604421372363214,0.0,13.158,2.96044,692.74346,13.39888,13.39888,104.036,7,5,2.991,2.137,11.057449018742306,0.62102181810820412,0,0,2.137,2.991,65.344101255918375,67.788169313553794,77.471192290848307,77.471192290850027,82.874983651090432,90.0,90.0,90.0,97.125016348896111,97.125016348896111,1.0295630140987,2.5179356624028344,1.3038404810405286,0.14142135623730648,1.0816653826392022,0.10000000000000853,0.10000000000000853,0.10000000000000853,1.1401754250990894,1.1401754250990894,3.05714,0.0001,0.0,0.0,0.0,20.0,80.0,0.05227,18.95083,10,2.285,4.91248,17.094000000000001,45.298999999999999,37.606999999999999,12.33,-0.35780818896594413,5,22.399999999999999,14,28,1.7938547562151499,8.3503061544385719,67.318166390790367,129.60874697996036,118.109375,10.867813717579079,36.69065,29.4964,1,0,5.983,5.983,0.855,2.564,67.52136752136752,22.22222222222222,7.6923076923076925,2.5641025641025643,0.0,0.0
32883,1156,173,1156_173,1109,13.148125819305209,0.0,13.148125819305209,0.0,4.322,13.14813,14581.27153,22.20315,22.20315,160.017,21,22,1.894,1.984,26.40328879228958,0.65342130286426547,0,2,4.959,5.14,24.413227455061531,24.900105469270912,31.372503807676821,39.810616067114339,44.999999999869715,69.749366490638678,70.01689347810192,84.805571092267328,84.805571092267328,149.03624346798011,13.441726079637405,5.703507692639727,5.608029957123899,10.198039027185471,0.1999999999998181,0.41231056256172194,0.09999999999990905,1.1045361017181743,1.1045361017181743,0.1414213562368593,13.2292,2e-05,50.0,25.0,20.833,0.0,4.167,0.35652,14.80015,32,11.801,13.94939,15.329000000000001,41.93,42.741,0.0,0,2,517.0,264,770,8.3640444468827386,10.16591294927556,4620.1157058416065,7284.71768704444,470.22222222222223,21.684607956387456,38.75598,40.57416,2,2,8.206,8.206,1.984,2.074,92.15509467989179,7.303877366997295,0.3606853020739405,0.0,0.18034265103697025,0.0
32884,1156,174,1156_174,753,15.228716911531272,0.00151,15.228716911531272,0.00151,4.898,15.22872,11467.22383,22.72466,22.72466,151.557,10,15,1.328,1.992,27.567575650752179,1.0596830916395663,1,2,5.578,6.773,48.814074834267288,48.814074834267288,60.255118703061797,60.255118703322331,63.434948822817788,65.056094736566394,66.801409486333853,68.19859051365178,82.874983651098191,90.0,1.0630145812740808,1.0630145812740808,1.1401754250995368,0.14142135623718088,0.0999999999994543,1.3152946437967428,0.28284271247436177,2.23606797749979,0.721110255092142,0.0999999999994543,15.35261,2e-05,75.0,18.75,0.0,6.25,0.0,0.5029,43.09236,21,13.882,16.23931,5.3120000000000003,48.606000000000002,46.082000000000001,0.0,0,1,692.0,692,692,8.4954409063019103,8.4954409063019103,0.0,11451.220004254787,24.6875,4.9686517285879477,37.67705,36.40227,5,5,10.226,10.491,2.39,2.523,90.57104913678619,7.569721115537849,1.593625498007968,0.13280212483399734,0.13280212483399734,0.0
32885,1156,175,1156_175,1376,14.901729304771433,0.00016,14.901729304771433,0.00016,7.082,14.90173,20504.77952,33.303,33.303,180.0,28,18,2.035,1.308,84.16747535522326,0.94392035646180761,1,3,6.032,5.814,115.01689347812285,119.74488129694271,153.43494882300018,161.5650511771301,167.47119229070137,168.69006752598048,171.86989764573985,175.97173633350212,180.0,180.0,1.17046999107218,0.14142135623731025,0.1000000000003638,0.31622776601597513,0.41231056256150134,0.09999999999999432,0.22360679774916548,1.1661903789692474,0.09999999999854481,0.09999999999854481,15.00934,0.00018,66.667,6.667,6.667,0.0,20.0,0.02785,37.93867,43,10.593,17.44079,7.9939999999999998,49.927,42.078000000000003,9.0,-0.23095178765492358,4,274.25,18,530,2.4549929512213216,34.243303588607304,5034.5993022991925,5105.2362177369268,216.08673469387756,14.69988893474633,39.40426,32.85106,8,4,8.648,9.23,3.125,2.834,88.0813953488372,8.793604651162791,1.380813953488372,1.0901162790697674,0.29069767441860467,0.3633720930232558
32886,1156,176,1156_176,757,5.0249568614864417,0.00506,5.0249568614864417,0.00506,11.954,5.02496,3803.89234,19.49897,19.49897,180.0,10,7,1.321,0.925,40.100495462261087,0.49784995614642874,0,1,2.246,3.699,179.99999914622637,180.0,180.0,180.0,180.0,180.0,180.0,180.0,180.0,180.0,0.22360679775008066,0.10000000000002274,0.10000000000002274,0.10000000000002274,0.10000000000002274,0.10000000000002274,0.10000000000002274,0.10000000000002274,0.10000000000002274,0.10000000000002274,5.02647,0.00246,6.25,18.75,12.5,0.0,62.5,0.00197,26.81659,41,4.036,10.25514,35.667000000000002,35.271000000000001,29.062000000000001,9.0,-1.1876412772014389,3,99.333333333333329,5,239,0.13864383291228649,8.4261992147714029,1374.1498763738502,1237.0599423405245,1119.9183673469388,33.465181418108862,37.94038,34.68835,1,1,3.963,6.077,0.925,1.189,81.37384412153236,9.775429326287979,5.416116248348745,1.1889035667107002,0.6605019815059445,1.5852047556142668
32887,1156,177,1156_177,619,10.904736009575046,0.0,10.904736009575046,0.0,12.401,10.90474,6750.03159,19.94893,19.94893,180.0,10,13,1.616,2.1,37.239414306226891,1.3454134131879243,0,3,5.977,6.462,115.01689347813591,118.44292862435945,146.3099324740102,156.80140948635884,161.56505117708448,168.6900675259472,168.6900675259898,172.87498365106219,174.80557109226621,175.81508387488066,0.14142135623742205,1.2206555615733312,0.3605551275463863,1.0770329614268923,0.22360679774997896,0.36055512754648095,0.14142135623718088,0.3605551275463863,1.1313708498985322,1.081665382639159,10.97376,2e-05,23.077,38.462,15.385,7.692,15.385,0.99332,37.0727,28,9.787,11.97743,0.0,49.273000000000003,50.726999999999997,16.33,-0.5929934167468341,4,123.75,18,273,7.6159644708420267,10.701093289231352,1478.6692877933363,1674.5789283798306,10.888888888888891,3.2998316455372221,34.28064,37.12256,6,3,9.855,10.339,3.877,4.039,77.22132471728594,15.508885298869144,3.877221324717286,1.938610662358643,0.8077544426494345,0.6462035541195477
32888,1156,178,1156_178,374,5.5969469487643577,0.00299,5.5969469487643577,0.00299,16.377,5.59695,2093.25816,17.85497,17.85497,180.0,4,2,1.07,0.535,38.734131376781505,0.83581605979855644,0,0,6.684,9.358,109.98310652189855,113.19859051364857,129.09385888622933,135.00000000003257,146.30993247398808,148.70696100408273,149.93141717810622,161.56505117707471,171.17962044797935,180.0,0.0999999999999659,0.19999999999998863,1.3038404810405122,0.14142135623726126,0.14142135623726126,1.5297058540778377,1.5524174696260111,0.3162277660168559,1.140175425099113,0.1,5.73835,0.00203,0.0,25.0,12.5,12.5,50.0,0.12021,34.3718,13,1.25,8.02868,8.0210000000000008,52.139000000000003,39.840000000000003,12.0,-0.27329719724996865,4,44.0,6,85,0.22755992038669889,15.84367088264039,444.07568843203387,499.94662452940867,44.591715976331358,6.6777028966802163,30.50193,25.48263,0,0,10.695,14.706,2.674,2.941,72.45989304812834,13.903743315508022,8.823529411764707,2.406417112299465,1.6042780748663101,0.8021390374331551
32889,1156,179,1156_179,246,13.691102308908096,0.02237,13.691102308908096,0.02237,5.939,13.6911,3368.01117,19.08507,19.08507,36.461,5,8,2.033,3.252,14.810465534491051,2.5080539120985552,1,2,8.943,7.724,25.963063910033274,26.024351665026707,26.179659369344776,26.363660865814694,28.341918060205764,29.459713990262387,29.978649451851236,30.27347933421375,35.829575162206538,36.379519787211734,18.107733154649743,15.164761785138495,12.175385004179494,2.1023796041627847,11.140017953306867,11.44901742508938,2.773084924772429,2.302172886644317,3.7589892258424933,3.6235341863985484,13.79564,0.03493,40.0,40.0,20.0,0.0,0.0,3.27906,14.86667,13,13.148,13.6911,0.0,44.715000000000003,55.284999999999997,0.0,0,0,0,0,0,0,0,0.0,0.0,0,0,31.70732,34.95935,5,3,13.821,10.976,5.285,4.472,84.95934959349593,15.040650406504065,0.0,0.0,0.0,0.0
32890,1156,18,1156_18,854,0.15514769825107608,0.0,0.15514769825107608,0.0,13.387,0.15515,132.49613,1.23693,1.23693,180.0,0,0,0.0,0.0,0.098973688214512467,0.18379778538549418,0,0,0.585,5.269,180.0,180.0,180.0,180.0,180.0,180.0,180.0,180.0,180.0,180.0,0.1,0.1,0.1,0.1,0.1,0.1,0.1,0.1,0.1,0.1,0.15662,4e-05,0.0,0.0,0.0,0.0,100.0,0.00151,0.20371,35,0.201,0.6237,46.838000000000001,33.255000000000003,19.905999999999999,0.0,0,0,0,0,0,0,0,0.0,0.0,271.34443783462223,16.472535865331185,28.47682,19.2053,0,0,1.054,7.963,0.0,0.0,83.60655737704919,3.278688524590164,7.611241217798595,3.278688524590164,0.702576112412178,1.5222482435597189
32891,1156,180,1156_180,845,15.540790738019451,0.0,15.540790738019451,0.0,5.017,15.54079,13131.96817,59.14093,59.14093,120.964,14,18,1.657,2.13,26.091775899810735,5.0267049442323337,1,3,7.456,6.982,40.236358309476429,44.999999999869715,45.00000000006515,55.123668595573129,68.19859051356643,73.300755766008763,73.300755766008763,75.963756532073518,78.690067525977284,101.30993247388493,0.1414213562370201,0.09999999999990905,0.14142135623766322,4.070626487409274,0.22360679775018233,1.044030650891042,1.044030650891042,0.09999999999990905,0.09999999999990905,1.1401754250985996,15.62973,5e-05,77.778,16.667,0.0,5.556,0.0,0.13856,38.27819,26,13.714,16.22984,10.651,45.444000000000003,43.905000000000001,0.0,0,1,787.0,787,787,9.4553239381644989,9.4553239381644989,0.0,13118.591293951602,81.0,9.0,38.07169,37.20643,7,4,11.006,11.598,3.432,3.432,88.40236686390533,10.532544378698224,0.8284023668639053,0.11834319526627218,0.11834319526627218,0.0
32892,1156,181,1156_181,1016,14.845219126715387,0.0,14.845219126715387,0.0,6.369,14.84522,15082.74263,33.42828,33.42828,165.964,20,17,1.969,1.673,34.637707268780076,2.2118849720349196,1,1,7.972,6.988,77.471192290848492,79.695153531242823,92.121096396687946,95.194428907753505,99.46232220801727,99.46232220801727,106.26020470828175,115.0168934780022,150.79240352886202,161.56505117707474,0.41231056256185983,0.09999999999990905,0.22360679774982645,1.1045361017187816,1.2165525060596027,1.2165525060596027,1.1180339887498287,1.1704699910718062,1.208304597359478,0.14142135623722107,14.9774,0.00066,63.636,27.273,0.0,0.0,9.091,1.09378,26.77992,34,13.358,15.4485,1.9690000000000001,51.280000000000001,46.752000000000002,0.0,0,2,464.5,228,701,8.3300054221735156,18.952042911741088,3988.1075305801928,7523.799021382767,41.0,6.4031242374328485,35.34836,33.29918,5,2,11.909,12.008,3.642,3.248,86.90944881889764,10.531496062992126,1.6732283464566928,0.5905511811023622,0.2952755905511811,0.0
32893,1156,182,1156_182,352,11.464623721485729,0.0,11.464623721485729,0.0,5.459,11.46462,4035.54755,56.96042,56.96042,176.82,7,7,1.989,1.989,38.007829061110336,10.967587918050834,0,2,4.261,4.83,20.817793773936867,21.762149801826823,24.728720618612307,24.753574600592856,27.126756509642309,29.272859269118779,33.553392353865675,34.133448198670088,36.292629728473585,149.03624346793029,11.335784048754592,15.46738504078821,13.384319183283212,11.294689017410048,4.561797891182736,3.4713109915420084,4.554119014694022,4.242640687119124,0.8062257748299396,0.09999999999990905,11.6719,-0.0,28.571,57.143,0.0,0.0,14.286,1.34654,41.22133,15,11.092,13.67198,11.364000000000001,43.182000000000002,45.454999999999998,13.0,-0.6366456309423012,1,292.0,292,292,13.754997109485791,13.754997109485791,0.0,4030.0989127385992,420.25,20.5,36.61017,41.69492,2,2,5.966,7.102,3.125,2.273,86.64772727272727,12.784090909090908,0.0,0.0,0.2840909090909091,0.2840909090909091
32894,1156,183,1156_183,351,11.356188456077815,0.00028,11.356188456077815,0.00028,4.55,11.35619,3986.02215,19.08219,19.08219,43.575,8,9,2.279,2.564,27.336641869703076,1.1626376962143745,0,1,4.274,5.983,18.212561719549079,19.736901495502696,21.268511676597267,21.541943894361079,22.637049507986585,27.349875780066981,29.577838681257735,33.214438168521163,33.608623686712775,36.208094642786733,12.813274366843155,7.648529270389395,15.164761785138737,9.47945146092332,12.159358535712446,6.706713054842826,1.345362404707432,6.276941930590303,6.21691241694771,5.458937625582388,11.51498,0.00041,14.286,71.429,14.286,0.0,0.0,0.89584,42.89717,14,9.61,13.01881,2.8490000000000002,48.718000000000004,48.433,13.0,-0.7582183438014852,1,300.0,300,300,7.0203027350686762,7.0203027350686762,0.0,3977.99129635094,2.0,1.4142135623730951,35.29412,38.88889,1,1,7.123,8.547,1.709,1.994,87.17948717948718,12.820512820512821,0.0,0.0,0.0,0.0
32895,1156,184,1156_184,1523,18.337195002226782,0.0,18.337195002226782,0.0,4.818,18.3372,27927.54799,25.82789,25.82789,180.0,20,26,1.313,1.707,27.306498097715401,0.88998569543230166,1,1,7.879,8.207,77.471192290848492,77.471192290848492,79.380344723815384,84.474519588023185,94.763641690625562,96.581944654893505,100.30484646861596,115.01689347828452,128.60560223466061,179.99999879258175,1.118033988749895,1.118033988749895,0.7280109889287014,7.128113354876888,1.07703296142609,0.2236067977503857,1.1180339887497321,1.170469991071947,1.4764823060230445,0.14142135623911023,18.40769,0.00012,87.879,9.091,0.0,0.0,3.03,0.53059,22.51633,42,14.918,18.70364,6.5659999999999998,45.765000000000001,47.668999999999997,8.0,-0.7017220926872625,1,1463.0,1463,1463,14.727639740313641,14.727639740313641,0.0,27901.658843815465,5.25,2.2912878474779199,35.43202,37.30743,4,2,10.703,11.359,3.217,3.152,90.41365725541694,8.010505581089953,1.1162179908076166,0.262639527248851,0.06565988181221274,0.1313197636244255
32896,1156,185,1156_185,704,14.224655360073847,0.00014,14.224655360073847,0.00014,6.611,14.22466,10014.15737,22.96171,22.96171,180.0,14,13,1.989,1.847,37.645600341667823,0.96362397199365191,1,1,4.972,4.403,55.17551084304155,66.801409486214794,66.80140948647535,82.874983651118242,82.874983651118242,87.510447078069191,89.99999999992184,90.0,98.130102354103883,108.43494882279172,1.2529964086140433,0.14142135623750243,1.0770329614268501,1.118033988749895,1.118033988749895,0.22360679775018233,0.22360679775018233,0.09999999999990905,0.31622776601712554,1.118033988749895,14.34668,0.00011,66.667,20.0,0.0,0.0,13.333,0.47821,36.83091,24,12.167,15.60686,4.2610000000000001,47.869,47.869,17.0,-0.3913118960624403,4,156.5,6,341,0.13591063132103368,14.654813066125561,2434.9035615565012,2496.9076159589458,11.440000000000001,3.3823069050575527,39.46958,39.31357,2,1,7.386,7.813,2.131,1.847,85.51136363636364,12.073863636363637,1.8465909090909092,0.42613636363636365,0.0,0.14204545454545456
32897,1156,186,1156_186,236,12.309491023392804,0.05857,12.309491023392804,0.05857,5.949,12.30949,2905.03988,16.78154,16.78154,62.945,2,8,0.847,3.39,9.0633375246729813,1.7312945026835356,0,2,9.746,8.898,20.444308033652305,22.556881198426485,23.445527590811007,25.33213199847825,25.739580923031912,29.497461208366758,29.828264467155641,30.425783801952839,38.717507911831376,42.083968575269466,15.081445554057506,11.573245007343466,12.747548783981962,16.253307355735377,10.594810050208546,3.448187929913356,11.280514172678485,2.3323807579381435,0.8062257748297281,2.7202941017471387,12.25414,0.05732,0.0,80.0,20.0,0.0,0.0,0.70015,14.40433,12,12.149,12.30949,4.2370000000000001,49.152999999999999,46.609999999999999,0.0,0,1,204.0,204,204,4.7267143507311147,4.7267143507311147,0.0,2611.9834868505541,0,0,33.89831,32.62712,3,3,14.831,12.712,5.932,3.39,83.05084745762711,16.52542372881356,0.423728813559322,0.0,0.0,0.0
32898,1156,187,1156_187,348,9.7520441367154245,0.0,9.7520441367154245,0.0,9.211,9.75204,3393.71136,18.74086,18.74086,180.0,4,9,1.149,2.586,43.125192626818688,1.3919490645578261,0,1,6.034,6.034,57.528807709149326,63.434948822895954,63.43494882292201,75.963756532053409,75.963756532107055,76.80353680777614,82.303948277978023,90.000000000032571,161.5650511770861,176.82016988012759,2.061552812808819,0.09999999999990905,0.10000000000002274,1.1661903789690133,1.1661903789690717,2.3259406699225194,0.6403124237433416,1.1313708498984116,0.5656854249492863,0.5000000000000909,9.84189,4e-05,14.286,57.143,0.0,0.0,28.571,0.448,11.35055,12,9.248,12.30766,14.368,41.954000000000001,43.677999999999997,10.33,-0.24023342774696646,1,247.0,247,247,11.066730472917786,11.066730472917786,0.0,3344.8265127772702,233.6875,15.286840746210448,37.09091,38.90909,1,1,8.621,9.195,3.448,3.448,76.4367816091954,19.25287356321839,3.160919540229885,0.28735632183908044,0.28735632183908044,0.5747126436781609
32899,1156,188,1156_188,1197,9.3276061384661837,0.0,9.3276061384661837,0.0,7.633,9.32761,11165.14455,23.18642,23.18642,180.0,14,14,1.17,1.17,72.875112096575279,0.58282642521351358,0,0,4.094,6.6,172.50414236027024,175.81508387488176,179.99999879258175,179.99999879258175,179.99999879258175,179.99999879258175,179.99999879258175,180.0,180.0,180.0,1.0630145812734646,1.0816653826391966,1.140175425099138,1.140175425099138,1.140175425099138,1.140175425099138,1.140175425099138,0.09999999999999998,0.09999999999999998,0.09999999999999998,9.40449,5e-05,42.308,11.538,3.846,0.0,42.308,0.00221,30.22494,42,6.825,14.63701,21.721,42.523000000000003,35.756,6.5,-0.9182913441239591,2,336.0,97,575,17.203732104693223,10.073059788700927,4238.8935253380732,5541.4520900970419,316.63888888888886,17.794349914759145,34.55979,33.77135,3,0,6.85,8.688,2.339,2.84,87.13450292397661,8.270676691729323,2.506265664160401,1.086048454469507,0.0835421888053467,0.9189640768588136
32900,1156,189,1156_189,676,1.6964569088962791,0.00169,1.6964569088962791,0.00169,14.268,1.69646,1146.80487,17.24094,17.24094,180.0,3,4,0.444,0.592,17.619090169275832,0.32279779691111565,0,0,1.627,3.994,179.99999879258175,179.99999879258175,179.99999879258175,179.99999879258175,179.99999914622637,180.0,180.0,180.0,180.0,180.0,0.14142135623731153,0.14142135623731153,0.14142135623731153,0.14142135623731153,1.2041594578792278,0.141421356237309,0.141421356237309,0.141421356237309,0.141421356237309,0.141421356237309,1.69084,0.00575,0.0,6.667,6.667,0.0,86.667,0.02558,27.42601,20,1.354,6.25387,41.420000000000002,33.283999999999999,25.295999999999999,4.33,-0.44721359549995787,1,82.0,82,82,10.865415373332116,10.865415373332116,0.0,1025.4289478212104,264.50666666666672,16.263660924486427,32.58427,29.21348,1,1,2.219,7.249,0.592,0.592,79.88165680473372,6.21301775147929,8.875739644970414,1.9230769230769231,1.0355029585798816,2.0710059171597632
32901,1156,19,1156_19,804,13.37813400954869,0.0,13.37813400954869,0.0,5.301,13.37813,10756.01974,26.19389,26.19389,180.0,15,16,1.866,1.99,31.509933407631305,1.2967037115754534,1,1,8.333,7.338,44.999999999869708,49.763641690726153,71.565051177025879,81.869897645896145,90.0,100.30484646875352,116.56505117707799,143.97262661490345,161.25024236969111,161.56505117692168,0.1000000000003638,3.4205262752976133,0.0999999999994543,0.31622776601712554,0.1999999999998181,0.09999999999990905,1.118033988749895,1.118033988749895,1.1180339887502202,0.4472135954999579,13.45393,0.00013,35.294,47.059,11.765,0.0,5.882,0.97807,19.2252,24,10.927,14.26127,4.9749999999999996,48.756,46.268999999999998,0.0,0,1,742.0,742,742,18.339961211287964,18.339961211287964,0.0,10745.443486225606,225.0,15.0,34.08488,31.69761,2,1,11.318,11.318,3.483,2.861,89.92537313432835,8.83084577114428,0.373134328358209,0.373134328358209,0.373134328358209,0.12437810945273632
32902,1156,190,1156_190,277,6.4522343230635748,0.0,6.4522343230635748,0.0,15.729,6.45223,1787.26891,14.20035,14.20035,165.964,7,11,2.527,3.971,21.799899677103436,0.71984733205079643,0,1,0.722,1.083,101.30993247402273,104.03624346791901,108.43494882291304,111.80140948635632,116.56505117707474,126.86989764583427,126.86989764584534,141.34019174591148,148.73626830562711,153.86899945506568,0.509901951359283,0.31622776601683794,0.44721359549998335,0.20000000000004547,0.6708203932499115,0.22360679774999168,0.49999999999998007,0.5,0.6082762530298201,0.6403124237432707,6.59215,0.00028,0.0,16.667,33.333,16.667,33.333,0.07759,15.65008,9,3.798,8.09866,25.271000000000001,38.267000000000003,36.462000000000003,8.67,-0.42092802052231393,6,33.333333333333336,6,89,0.28003865667696864,9.0519239274045216,331.69659696985212,292.59027332311916,441.0,21.0,39.72603,38.35616,1,1,3.61,3.61,0.361,0.361,74.0072202166065,15.52346570397112,2.888086642599278,5.415162454873646,2.1660649819494586,0.0
32903,1156,191,1156_191,1013,14.484934754213757,0.00031,14.484934754213757,0.00031,5.601,14.48493,14673.23891,23.34823,23.34823,165.964,18,17,1.777,1.678,26.7477214346798,0.91264971216586765,1,1,6.91,6.713,73.300755766008763,74.744881296944726,74.744881296944726,78.690067525965759,80.837652954275384,81.501441120509213,85.601294645008309,89.246151666934082,92.121096396674929,115.01689347810147,0.20000000000004547,1.1401754250991478,1.1401754250991478,0.22360679774992814,1.1661903789690133,0.728010988928108,0.31622776601690983,1.044030650891042,1.208304597359478,0.14142135623734164,14.55191,0.00389,59.091,27.273,4.545,4.545,4.545,0.03081,32.1544,34,12.552,15.2186,6.9100000000000001,46.988999999999997,46.100999999999999,20.0,-0.6098269064470385,2,464.5,156,773,12.064098024623844,8.5056164104352021,5145.0097344016631,7316.3308139458095,90.25,9.5,37.24066,35.68465,2,2,10.464,10.859,2.665,3.06,88.54886475814412,9.279368213228036,1.8756169792694966,0.19743336623889438,0.09871668311944719,0.0
32904,1156,192,1156_192,1671,12.393371645370769,6e-05,12.393371645370769,6e-05,8.259,12.39337,20709.32402,22.92008,22.92008,180.0,41,38,2.454,2.274,43.613088511664856,0.77976852298289778,0,1,4.847,5.266,131.6335393365801,131.63353933658098,135.00000000003257,138.36646066344869,149.03624346794948,173.41805534484857,180.0,180.0,180.0,180.0,0.09999999999990905,1.2041594578792485,0.09999999999990905,1.204159457879607,1.1661903789687793,1.1704699910720635,0.84852813742405,0.84852813742405,0.84852813742405,0.84852813742405,12.43693,0.00021,35.135,35.135,10.811,0.0,18.919,0.11767,35.41971,49,9.495,13.37779,2.3940000000000001,50.329000000000001,47.277000000000001,12.33,-0.5195262145876349,9,157.66666666666666,7,815,0.17441852243557202,11.376542072581785,3883.1334745811691,2283.8979075860061,29.555555555555554,5.4365021434333629,38.52618,36.00517,4,1,8.139,9.755,2.035,2.274,83.48294434470377,12.62716935966487,2.7528426092160383,0.4189108318372232,0.3590664272890485,0.3590664272890485
32905,1156,193,1156_193,1704,14.593647311612587,8e-05,14.593647311612587,8e-05,7.508,14.59365,24867.57502,23.91359,23.91359,180.0,38,43,2.23,2.523,31.820440538628905,0.78038191769542742,1,4,4.93,5.047,120.96375653208884,122.69607644594416,135.00000000013026,149.57421619802406,153.43494882292202,169.69515353129651,173.65980825403142,173.65980825409656,178.21008939174783,180.0,0.1000000000003638,1.4035668847618719,0.14142135623750243,1.252996408613644,0.0999999999994543,0.4999999999998181,0.6403124237433416,0.28284271247436177,0.6403124237433416,0.14142135623718088,14.64362,0.00109,54.054,35.135,0.0,0.0,10.811,0.18965,17.61435,66,12.843,15.10264,1.7609999999999999,49.237000000000002,49.002000000000002,9.0,-0.41216319264024953,3,524.66666666666663,24,807,0.98205539535695097,14.340767557704883,5783.1743470021202,8270.6769047736871,21.346938775510207,4.6202747510846374,40.40097,39.12515,6,5,7.57,8.392,2.465,1.937,84.21361502347418,12.734741784037558,1.8192488262910798,0.5868544600938967,0.352112676056338,0.2934272300469484
32906,1156,194,1156_194,245,6.9693977387279489,0.0,6.9693977387279489,0.0,10.556,6.9694,1707.50245,22.11086,22.11086,180.0,5,3,2.041,1.224,62.018719649209679,0.80039313002078183,0,0,6.939,8.98,66.801409486351787,66.801409486352085,71.565051177077962,71.565051177077962,71.565051177077962,71.56505117707799,78.690067525963499,97.125016348902406,149.03624346792793,180.0,1.077032961426901,0.2828427124746193,0.14142135623730953,0.14142135623730953,0.14142135623730953,0.1414213562373096,1.1401754250992027,1.1401754250991392,1.1661903789690424,0.09999999999999998,7.25948,0.00116,20.0,0.0,40.0,0.0,40.0,0.07578,52.81143,9,5.46,9.79436,12.244999999999999,50.204000000000001,37.551000000000002,8.0,-0.3588943445084937,3,39.333333333333336,8,99,0.25978313411667708,18.771173821705773,720.0842989261804,548.71910789578124,105.1388888888889,10.25372561018135,34.48276,24.13793,1,0,8.98,11.429,3.265,2.449,80.40816326530613,11.020408163265307,6.938775510204081,0.40816326530612246,0.40816326530612246,0.8163265306122449
32907,1156,195,1156_195,475,12.599471158115909,0.00021,12.599471158115909,0.00021,6.714,12.59947,5984.7488,24.70729,24.70729,180.0,18,13,3.789,2.737,47.883621272647488,1.5634876540500373,0,1,4.421,5.474,50.194428907734434,58.455842978921396,71.565051177074281,86.633539336566542,90.0,109.98310652188476,131.30861401357075,153.43494882294809,161.56505117708204,168.11134196038321,1.7464249196572939,4.604345773288634,1.2727922061357835,0.14142135623733162,0.09999999999990905,0.09999999999990905,0.31622776601698177,0.4472135954999579,0.22360679774999803,1.081665382639222,12.71573,0.0001,40.0,20.0,30.0,0.0,10.0,1.70269,42.04346,11,8.013,13.93961,6.3159999999999998,46.104999999999997,47.579000000000001,15.0,-0.34109495713278337,2,206.5,18,395,24.431360515880417,28.760121885033584,2759.1511034481377,2984.4167670386078,82.8888888888889,9.1043335224984432,34.26573,35.43124,2,1,7.579,8.0,1.895,2.105,88.63157894736842,8.631578947368421,1.263157894736842,0.42105263157894735,0.8421052631578947,0.21052631578947367
32908,1156,196,1156_196,667,9.2688143449033156,-0.0,9.2688143449033156,-0.0,7.658,9.26881,6182.29917,23.21573,23.21573,180.0,17,21,2.549,3.148,53.649485437315704,0.75379211241514443,0,2,0.75,1.199,83.659808254092482,84.55966796900907,90.0,94.39870535500242,98.130102354142963,101.30993247393128,104.03624346791307,116.56505117705845,140.71059313749595,149.03624346792552,0.14142135623734164,1.33416640641263,0.7071067811865476,0.41231056256177706,0.3162277660170177,0.14142135623754262,0.09999999999990905,0.44721359549985623,1.4212670403552206,0.1999999999998181,9.34061,8e-05,21.429,21.429,14.286,21.429,21.429,0.34045,33.33837,16,5.661,11.96305,28.486000000000001,36.281999999999996,35.231999999999999,16.67,-0.2703843614852313,7,67.714285714285708,5,291,0.046884045295023817,18.238852227217905,1550.3336733793524,871.75546526768119,367.63265306122452,19.173749061183223,37.86408,40.58252,2,2,2.099,2.249,0.75,0.6,82.75862068965517,13.493253373313344,2.39880059970015,0.8995502248875562,0.29985007496251875,0.14992503748125938
32909,1156,197,1156_197,1707,12.084241320215325,0.00013,12.084241320215325,0.00013,8.828,12.08424,20627.79993,26.77387,26.77387,180.0,44,42,2.578,2.46,47.490402868872053,0.89785388504370389,0,1,5.155,5.448,149.03624346793029,151.38954033402732,153.4349488228699,153.43494882290898,161.56505117707798,168.69006752610005,177.2736890060998,179.99999914622637,180.0,180.0,1.1661903789690133,0.09999999999990905,0.09999999999990905,0.22360679774980102,0.14142135623718088,0.36055512754657554,0.5830951894845067,0.3162277660166762,0.09999999999990905,0.09999999999990905,12.12727,0.00019,43.243,21.622,16.216,2.703,16.216,0.05022,47.95564,57,8.952,13.48557,5.8579999999999997,49.677999999999997,44.463999999999999,22.0,-0.6274924759154351,9,159.77777777777777,7,444,0.21213041440059546,27.191136756333862,2190.5470093150052,2280.5879720600319,37.543252595155707,6.1272548988234288,38.08901,33.31152,2,1,8.494,8.67,2.109,2.05,81.37082601054482,14.118336262448741,2.753368482718219,0.9373169302870533,0.5272407732864675,0.29291154071470415
32910,1156,198,1156_198,183,4.7385159128310379,-0.0,4.7385159128310379,-0.0,10.816,4.73852,867.14841,12.10041,12.10041,99.462,5,3,2.732,1.639,14.948106288109326,0.64736615642416395,0,0,4.372,6.011,44.999999999999986,45.000000000008143,45.00000000000815,47.963620657401897,73.072486935852638,78.690067525972069,79.99202019855008,90.0,90.0,92.726310993905741,0.14142135623734164,0.09999999999999432,0.14142135623732158,4.272001872658765,1.2369316876852898,1.0816653826391747,0.14142135623728136,0.09999999999999432,0.09999999999999432,0.5830951894845359,4.90622,0.00093,0.0,0.0,25.0,50.0,25.0,0.02846,10.52173,6,3.633,6.35249,16.393000000000001,45.354999999999997,38.250999999999998,0.0,0,3,38.0,10,74,1.5283735404937056,4.4455989591090468,230.25899565619599,281.39635539079046,210.25,14.5,39.70588,30.88235,1,0,7.104,8.743,2.186,2.186,69.94535519125684,24.59016393442623,3.278688524590164,2.185792349726776,0.0,0.0
32911,1156,199,1156_199,760,12.048747287818355,0.00158,12.048747287818355,0.00158,8.164,12.04875,9157.04794,20.23116,20.23116,180.0,22,18,2.895,2.368,33.452886162710904,0.6709357868281639,0,1,2.368,3.026,72.255328374947283,73.072486935856801,73.14160123226452,74.744881296944726,75.963756532073532,81.573030978500256,85.601294644982246,90.0,96.340191745821741,108.43494882282431,1.081665382639222,1.1661903789690133,1.2806248474863993,1.118033988749895,1.2000000000000455,1.220655561573266,0.22360679775023318,0.1999999999998181,0.1414213562375828,1.118033988749895,12.12048,0.00518,37.5,31.25,18.75,0.0,12.5,0.52491,16.54739,26,10.194,12.48877,5.2629999999999999,50.526000000000003,44.210999999999999,19.5,-0.515359345890006,5,131.80000000000001,13,310,0.85786144169077949,12.827458119865383,1921.4914827960706,1815.5813211779969,20.25,4.5,43.92906,38.06276,2,1,6.184,5.395,0.921,0.921,81.57894736842105,13.947368421052632,3.9473684210526314,0.39473684210526316,0.0,0.13157894736842105
32912,1156,2,1156_2,673,10.049938662138935,0.0,10.049938662138935,0.0,7.897,10.04994,6763.60872,18.37417,18.37417,180.0,9,16,1.337,2.377,43.689802723797833,0.77050340159574826,0,1,6.389,6.984,79.695153531234027,80.537677791972627,90.0,100.30484646876623,127.56859202882849,179.99999914622637,180.0,180.0,180.0,180.0,1.1180339887498962,0.2999999999999545,0.2999999999999545,1.1180339887498898,0.09999999999990905,0.31622776601676605,0.20000000000004547,0.20000000000004547,0.20000000000004547,0.20000000000004547,10.15662,0.00032,21.429,35.714,14.286,14.286,14.286,0.00403,38.9629,30,9.87,13.16588,14.859,43.834000000000003,41.308,8.0,-0.5783759193073558,3,163.66666666666666,30,249,11.869336616786262,8.7146774341070739,1423.8406830098877,2243.5268824678428,426.60000000000002,20.654297373670207,34.69786,34.89279,5,1,9.064,10.253,3.12,2.377,84.24962852897474,12.481426448736999,1.9316493313521546,0.2971768202080238,0.1485884101040119,0.8915304606240714
32913,1156,20,1156_20,254,12.18051514576293,0.0,12.18051514576293,0.0,6.271,12.18052,3093.85085,20.32978,20.32978,97.125,3,8,1.181,3.15,44.64394842163513,1.636573498452029,1,1,7.874,5.906,26.565051177104039,29.330335098273665,31.746467189395329,32.711563642659591,35.073754493355494,37.929655179841468,44.999999999967422,44.999999999967429,44.999999999967429,52.125016348907295,0.09999999999990905,15.352198539622929,3.9051248379534202,13.191285001848737,0.5830951894845067,2.3430749027719613,0.14142135623726126,0.10000000000002274,0.10000000000002274,1.1401754250991678,12.43613,0.00046,60.0,20.0,0.0,0.0,20.0,1.54095,22.92094,13,10.352,14.37223,7.8739999999999997,42.912999999999997,49.213000000000001,14.0,-0.542314458151256,1,207.0,207,207,14.572452430679744,14.572452430679744,0.0,3085.7795896333569,12.25,3.5,31.62791,40.0,1,1,10.63,11.024,3.937,3.543,81.88976377952756,17.322834645669293,0.3937007874015748,0.3937007874015748,0.0,0.0
32914,1156,200,1156_200,1021,6.4218383375125763,0.00014,6.4218383375125763,0.00014,10.599,6.42184,6556.69694,16.21142,16.21142,180.0,9,12,0.881,1.175,21.075614306128937,0.72918171314993951,0,1,6.954,6.856,99.727578551392241,101.30993247402066,104.03624346792498,104.93141717813675,108.43494882292049,116.56505117707799,116.56505117707799,153.43494882292171,153.62157936648762,179.99999879258175,1.3928388277185817,0.14142135623731025,1.16619037896906,2.195449840010007,0.14142135623730523,0.09999999999990905,0.09999999999990905,0.10000000000000053,1.1401754250991325,0.14142135623766322,6.45876,5e-05,0.0,13.636,40.909,13.636,31.818,0.28378,20.27786,25,4.632,7.20092,8.8149999999999995,46.131,45.054000000000002,10.33,-0.23359265246363264,11,65.909090909090907,5,195,0.010841993375978696,6.3940476312796966,595.22328020257044,571.76434785042022,24.576388888888886,4.9574579059119488,35.13216,35.46256,2,1,10.382,11.361,2.449,2.644,76.00391772771792,17.72771792360431,4.897159647404505,0.9794319294809011,0.1958863858961802,0.1958863858961802
32915,1156,21,1156_21,422,8.2021694031847421,0.00024,8.2021694031847421,0.00024,13.253,8.20217,3461.31549,17.81011,17.81011,180.0,4,7,0.948,1.659,41.773800967715992,1.0511408684806791,0,2,6.872,7.583,114.44395478041611,114.44395478041611,140.79279649503852,153.43494882292202,161.56505117707147,170.37475184387432,171.86989764584399,180.0,180.0,180.0,0.09999999999990905,0.09999999999990905,1.360147050873494,0.2236067977500298,0.14142135623726126,1.300000000000042,0.2828427124746833,0.10000000000013642,0.10000000000013642,0.10000000000013642,8.27114,0.00048,11.111,44.444,0.0,11.111,33.333,0.13326,29.09882,16,6.768,11.55321,18.957000000000001,39.810000000000002,41.231999999999999,16.0,-0.20247338082118171,2,134.0,69,199,14.543468356431914,6.6781586116221447,915.25588822249551,1706.9429773903228,191.2222222222222,13.828312341794359,34.22819,34.22819,2,2,9.005,10.19,3.318,3.318,76.54028436018957,13.981042654028435,5.450236966824645,1.8957345971563981,0.7109004739336493,1.4218009478672986
32916,1156,22,1156_22,878,15.284002707890973,-0.0,15.284002707890973,-0.0,4.339,15.284,13419.35438,21.11777,21.11777,45.0,18,14,2.05,1.595,24.165331840215622,1.081029368965438,1,3,5.125,5.581,25.557756646227698,25.615484320635499,26.388212912941668,26.491938780119721,26.565051177025875,27.067003862651354,28.65913916105897,29.764372971480636,39.636930579950558,44.999999999869729,4.632493928760166,4.816637831516541,3.0479501308256,4.459820624195594,0.22360679775069076,3.3615472627945184,12.766362050325828,14.338758663147825,3.5114099732157826,0.14142135623750243,15.3753,1e-05,68.421,26.316,0.0,0.0,5.263,0.23114,23.8731,30,14.666,16.24517,7.9729999999999999,45.444000000000003,46.582999999999998,9.0,-0.5033709924279202,1,820.0,820,820,8.4375772331802779,8.4375772331802779,0.0,13412.763796787352,46.5,6.8190908484929276,36.68281,41.76755,4,3,8.087,8.77,2.961,2.506,89.749430523918,10.250569476082005,0.0,0.0,0.0,0.0
32917,1156,23,1156_23,972,13.135469661443326,0.0,13.135469661443326,0.0,6.618,13.13547,12767.67651,23.69072,23.69072,180.0,22,23,2.263,2.366,46.762626073713513,0.58909981182793547,1,1,4.63,5.041,82.874983651098219,86.185925165709619,86.185925165709691,86.633539336819965,90.0,108.43494882292211,127.87498365109819,127.87498365109819,138.36646066342982,168.6900675259397,1.140175425099138,0.14142135623730953,1.063014581273465,0.14142135623718088,0.10000000000000009,1.1180339887498947,1.140175425099138,1.140175425099138,0.10000000000000009,0.3605551275464494,13.27,0.00014,47.619,33.333,0.0,0.0,19.048,0.17009,12.80966,39,10.969,14.60091,10.288,47.325000000000003,42.387,11.0,-0.716091860243841,3,269.66666666666669,8,791,0.025615232111334266,13.880910344896066,5946.0590216820183,4228.9336632282866,23.876543209876544,4.8863629838435605,40.61785,36.49886,2,1,7.202,7.407,2.263,2.16,86.31687242798354,11.62551440329218,1.337448559670782,0.205761316872428,0.411522633744856,0.102880658436214
32918,1156,24,1156_24,1527,18.286770098127281,0.0008,18.286770098127281,0.0008,3.932,18.28677,27923.89794,28.75065,28.75065,171.87,30,23,1.965,1.506,29.928165114976661,1.0242953822292749,1,1,7.99,7.859,31.015065077653656,33.426162920576203,35.095816786947829,36.382710625460888,36.644546676081134,38.015660484143218,43.210089391489589,43.210089391830181,47.935673446413595,56.821488340741169,13.164345787011259,13.764083696345425,2.0223748416155605,11.317685275709072,2.7730849247727245,1.4317821063287153,0.31622776601568753,3.162277660168379,0.31622776601680197,1.38924439894519,18.35255,0.00147,81.818,15.152,0.0,3.03,0.0,0.66486,30.49723,42,15.66,18.39388,3.274,49.640000000000001,47.085999999999999,8.0,-1.7942216174204058,4,376.0,7,1341,1.4358697619804563,23.506374321161164,10795.30483904362,6975.9572255603443,0.0,0.0,36.23188,33.1357,5,1,10.936,10.871,3.471,3.143,91.02815979043876,8.775376555337262,0.13097576948264572,0.0,0.0,0.06548788474132286
32919,1156,25,1156_25,1182,11.480037242054594,0.00017,11.480037242054594,0.00017,8.208,11.48004,13569.40402,21.85063,21.85063,180.0,16,18,1.354,1.523,44.081612941344098,0.72956864247229347,0,1,3.299,3.976,180.0,180.0,180.0,180.0,180.0,180.0,180.0,180.0,180.0,180.0,0.10000000000002274,0.10000000000002274,0.10000000000002274,0.10000000000002274,0.10000000000002274,0.10000000000002274,0.10000000000002274,0.10000000000002274,0.10000000000002274,0.10000000000002274,11.5234,4e-05,42.308,23.077,15.385,0.0,19.231,0.00418,34.68234,35,10.426,13.8102,15.228,42.131999999999998,42.640000000000001,28.0,-0.509382524022244,4,230.0,37,712,14.252905391904189,7.0082580963709704,4518.5040241294637,3373.3474908409044,661.47107438016519,25.71907996760703,38.93986,40.26504,1,1,5.33,7.53,1.438,1.354,87.98646362098138,7.868020304568528,1.2690355329949239,1.5228426395939085,0.08460236886632826,1.2690355329949239
32920,1156,26,1156_26,676,15.712586180233533,0.00021,15.712586180233533,0.00021,7.013,15.71259,10621.70826,29.12078,29.12078,180.0,9,11,1.331,1.627,47.298156238793474,0.90441110433128513,1,2,4.734,5.325,78.690067525979785,78.690067525979785,90.0,101.94417718844636,109.98310652189808,114.52484288599034,149.03624346793032,166.29303899593833,171.86989764584399,178.15238973400528,0.22360679774997896,0.22360679774997896,0.0999999999994543,1.063014581273465,1.1704699910723355,1.4035668847618201,1.1661903789690133,1.0816653826396003,0.5,0.8602325267042628,15.94399,5e-05,73.333,6.667,6.667,0.0,13.333,0.05345,68.07457,20,13.284,17.20201,2.9590000000000001,51.036000000000001,46.006,0.0,0,1,590.0,590,590,14.682997257691639,14.682997257691639,0.0,10592.692158020904,70.960000000000008,8.4237758754610752,39.22204,35.98055,6,3,7.84,9.763,2.663,2.071,85.94674556213018,11.242603550295858,1.4792899408284024,0.591715976331361,0.2958579881656805,0.4437869822485207
32921,1156,27,1156_27,940,15.789093900039187,0.0,15.789093900039187,0.0,4.308,15.78909,14841.74827,25.58847,25.58847,90.0,14,24,1.489,2.553,14.055205305107007,0.91228073217309669,1,1,5.319,5.851,24.880829545050371,25.135142717569504,28.368018234356732,28.883252745968957,30.194210700102879,31.320417515765541,31.367241267137288,38.65980825408586,49.75263984502002,74.744881296948236,9.144397191723195,3.546829570193876,4.201190307520088,5.50817574156815,5.053711507397186,4.579301256742011,4.669047011970995,0.8000000000001819,7.261542535853155,1.1401754250985396,15.89782,0.00134,65.0,35.0,0.0,0.0,0.0,0.43282,14.34072,33,14.644,15.78909,3.1909999999999998,47.872,48.936,0.0,0,1,929.0,929,929,11.425399785080224,11.425399785080224,0.0,14835.987153340498,0,0,37.02128,38.29787,4,2,10.319,10.426,1.915,1.809,90.2127659574468,9.46808510638298,0.2127659574468085,0.10638297872340426,0.0,0.0
32922,1156,28,1156_28,663,14.832953440009224,0.02718,14.832953440009224,0.02718,4.359,14.83295,9834.24813,23.40769,23.40769,110.556,13,13,1.961,1.961,12.047142321933318,0.90841218062665796,1,2,6.637,7.843,21.364268074014301,22.174970807646435,24.647025582486961,25.076282437433996,28.237445538164803,33.862696345466311,52.431407971176377,65.282559088930668,104.98163257239973,105.25511870305075,12.619429464123963,2.7784887978900854,13.101526628603068,6.774215821775799,13.705838172107438,12.59245806028332,1.6401219466858168,1.1401754250994771,0.6082762530297173,0.3999999999998636,14.84515,0.02748,50.0,50.0,0.0,0.0,0.0,0.69061,39.62167,20,14.293,14.83295,3.0169999999999999,51.281999999999996,45.701000000000001,0.0,0,1,315.0,315,315,9.2498226532499572,9.2498226532499572,0.0,4491.1138815700606,0,0,38.7632,34.08748,2,2,10.86,11.916,2.866,2.564,93.21266968325791,6.033182503770739,0.30165912518853694,0.45248868778280543,0.0,0.0
32923,1156,29,1156_29,453,11.903405005129715,0.0023,11.903405005129715,0.0023,11.326,11.90341,5392.24247,20.85977,20.85977,180.0,8,11,1.766,2.428,46.899898511225913,1.9016270524622543,1,3,6.181,7.506,105.25511870306079,105.25511870306079,105.25511870306079,111.8014094863244,111.80140948635069,115.01689347810147,120.96375653207448,149.03624346793035,154.23067237566141,171.8698976458397,1.1401754250991778,1.1401754250991778,1.1401754250991778,0.22360679774997896,0.20000000000004547,0.14142135623734164,1.1661903789690717,0.41231056256174947,1.1045361017187507,0.9486832980505857,12.01196,0.00013,50.0,20.0,10.0,0.0,20.0,0.06707,28.18165,22,10.316,13.63811,6.6230000000000002,45.033000000000001,48.344000000000001,10.33,-0.44486529370083805,2,176.5,136,217,9.8979697807963003,12.014363972979321,488.83737261684769,2677.6489110857019,131.25,11.456439237389599,30.37975,34.68354,8,6,10.596,12.362,3.974,4.636,74.39293598233995,20.08830022075055,2.6490066225165565,1.7660044150110374,0.6622516556291391,0.44150110375275936
32924,1156,3,1156_3,444,10.264755592308402,-0.0,10.264755592308402,-0.0,10.937,10.26476,4557.55148,20.80601,20.80601,180.0,12,10,2.703,2.252,41.384702540083268,1.1318903854303879,0,1,2.477,3.378,86.820169880126755,89.999999999991317,90.0,90.00000000000918,109.98310652189855,116.56505117707799,116.56505117707799,153.43494882292202,153.43494882292202,169.69515353124191,1.1401754250991478,0.6708203932498861,0.09999999999990905,1.131370849898472,0.09999999999999432,0.09999999999999432,0.09999999999999432,0.2236067977500298,0.2236067977500298,0.14142135623732158,10.37778,0.0001,22.222,44.444,11.111,0.0,22.222,1.62812,39.95502,13,7.893,11.38343,9.0090000000000003,48.198,42.792999999999999,25.0,-0.6713497821577958,3,117.0,33,188,3.1615612057241651,20.688188763230194,962.89124060307233,1507.914765918181,65.5,8.0932070281193234,40.75,34.25,1,1,5.856,7.658,2.027,0.901,79.27927927927928,14.18918918918919,4.504504504504505,1.1261261261261262,0.6756756756756757,0.22522522522522523
32925,1156,30,1156_30,1448,10.013277109250989,0.0,10.013277109250989,0.0,11.539,10.01328,14499.22525,22.184,22.184,180.0,23,31,1.588,2.141,47.167734572024202,1.035030245889105,0,5,6.492,7.32,180.0,180.0,180.0,180.0,180.0,180.0,180.0,180.0,180.0,180.0,0.14142135623718088,0.14142135623718088,0.14142135623718088,0.14142135623718088,0.14142135623718088,0.14142135623718088,0.14142135623718088,0.14142135623718088,0.14142135623718088,0.14142135623718088,10.03856,1e-05,25.0,34.375,9.375,3.125,28.125,0.08205,46.47304,48,7.511,12.39107,6.2149999999999999,47.859000000000002,45.924999999999997,12.5,-0.6781745019952798,6,172.33333333333334,13,460,7.2012811362954077,7.0298872143575259,2536.3038049258839,2396.1203001791846,44.638888888888893,6.6812340842758156,31.16438,34.67466,7,5,9.876,11.809,3.453,2.417,80.73204419889503,11.533149171270718,4.558011049723757,1.5193370165745856,0.27624309392265195,1.3812154696132597
32926,1156,31,1156_31,762,13.045792622372213,0.00019,13.045792622372213,0.00019,5.219,13.04579,9940.89398,24.33865,24.33865,149.036,13,12,1.706,1.575,57.032019263507557,0.72709385558809736,1,1,4.856,5.774,49.635463427042566,63.434948822869899,63.434948822869899,69.717440911070341,71.565051176951727,75.963756532199966,90.0,90.0,104.03624346804142,106.38954033389622,0.36055512754657554,0.1000000000003638,0.1000000000003638,0.8602325267041147,1.1401754250985396,1.1661903789690133,0.09999999999990905,0.09999999999990905,1.1661903789692474,0.1414213562368593,13.19528,1e-05,68.75,6.25,6.25,0.0,18.75,0.0311,41.58845,29,10.868,15.91709,17.059999999999999,43.701000000000001,39.238999999999997,0.0,0,2,300.0,6,594,1.979638301179899,14.060955170393161,4931.4597460339228,4957.8338435759715,313.04000000000002,17.692936443677176,38.30128,33.49359,2,1,8.399,8.924,2.493,1.969,89.63254593175853,8.530183727034121,1.1811023622047243,0.5249343832020997,0.13123359580052493,0.0
32927,1156,32,1156_32,408,13.281750063145095,0.00025,13.281750063145095,0.00025,7.926,13.28175,5418.95403,22.32353,22.32353,180.0,6,10,1.471,2.451,63.51587506406679,1.04344785062723,1,1,2.206,3.431,71.565051176947719,75.963756531920254,75.963756532153994,75.963756532219122,83.418055344806774,90.0,109.98310652188097,109.98310652188476,109.98310652192662,120.96375653205051,1.118033988749895,0.1414213562368593,0.14142135623766322,1.1661903789692474,1.1704699910717526,1.118033988749895,0.1000000000003638,0.0999999999994543,1.1704699910720635,1.1661903789687793,13.42408,9e-05,55.556,11.111,11.111,0.0,22.222,0.14043,24.45454,16,8.698,14.92013,4.9020000000000001,47.058999999999997,48.039000000000001,10.0,-0.20611251340091696,3,110.0,5,298,0.078607734255391248,13.504852861079875,2461.1737885786911,1795.6273312415269,18.800000000000001,4.3358966777357599,41.04683,44.35262,1,1,4.412,5.147,0.49,0.49,83.82352941176471,11.764705882352942,2.9411764705882355,0.9803921568627451,0.24509803921568626,0.24509803921568626
32928,1156,33,1156_33,250,16.033414640984297,0.06237,16.033414640984297,0.06237,4.985,16.03341,4008.35366,21.0,21.0,28.666,5,7,2.0,2.8,5.2292949502704014,1.5375111888579085,1,1,9.2,7.6,17.818888914522656,18.1084806779307,19.021388357384144,19.273086651988187,20.308640684919681,21.810256563653855,22.504844131903095,22.881165619896031,24.59281000177819,27.809897676199483,12.477980605851293,14.629422408283899,14.41006592628913,12.738916751435388,13.209844813622906,15.047258886587802,12.369316876852983,12.014990636700473,12.358397954427648,14.928161306738362,16.08624,0.06613,80.0,20.0,0.0,0.0,0.0,1.18256,6.81478,13,15.634,16.03341,4.0,47.200000000000003,48.799999999999997,0.0,0,0,0,0,0,0,0,0.0,0.0,0,0,36.4,36.8,2,1,11.6,11.2,4.8,5.6,86.8,13.2,0.0,0.0,0.0,0.0
32929,1156,34,1156_34,859,13.421310913734986,0.0,13.421310913734986,0.0,6.878,13.42131,11528.90607,32.57791,32.57791,180.0,17,16,1.979,1.863,45.74744711704448,3.5505536825452024,1,8,9.08,9.662,68.198590513643694,78.690067525868571,78.690067526103064,105.25511870306279,108.43494882298714,108.43494882298714,114.4439547804094,161.56505117702591,180.0,180.0,1.0770329614269345,1.1401754250994771,0.2236067977497756,1.1401754250985996,1.118033988749895,1.118033988749895,1.2083045973597883,0.14142135623750243,0.10000000000013642,0.10000000000013642,13.49482,0.00028,36.842,42.105,5.263,0.0,15.789,0.0798,54.81425,22,9.51,14.6037,2.3279999999999998,49.243000000000002,48.427999999999997,9.0,-0.49393780158018974,4,192.25,15,452,2.0576171849166807,9.9183340113367251,2836.1524578684212,2876.376932270548,14.857142857142858,3.8544964466377261,31.93916,31.17871,10,9,11.991,14.203,5.006,4.075,84.40046565774156,13.038416763678697,1.6298020954598371,0.46565774155995343,0.11641443538998836,0.3492433061699651
32930,1156,35,1156_35,506,11.790505780771177,-0.0,11.790505780771177,-0.0,5.904,11.79051,5965.99593,18.89153,18.89153,93.814,7,13,1.383,2.569,30.295811378265469,1.3463494268512111,0,1,7.51,8.3,29.744881296938217,33.111341960360988,44.999999999934857,45.000000000000007,53.130102354171171,71.565051177043799,74.744881296899123,81.869897645778892,86.241444314516656,89.999999999926729,0.3605551275461971,1.9416487838944227,0.09999999999990905,0.14142135623718088,0.424264068712025,1.1313708498982509,1.2649110640670642,0.2236067977498773,1.4142135623729342,0.14142135623734164,11.89814,0.0,27.273,54.545,0.0,0.0,18.182,0.07483,21.04389,17,10.574,13.5794,7.9050000000000002,46.442999999999998,45.652000000000001,10.0,-0.5778059637499333,2,213.5,7,420,1.5440352210768924,4.923220544348375,2945.2421160377648,2974.9890868779571,43.039999999999999,6.5604877867426898,32.80182,33.2574,2,1,10.277,12.451,4.743,3.162,84.38735177865613,14.031620553359684,1.383399209486166,0.1976284584980237,0.0,0.0
32931,1156,36,1156_36,244,2.0106047543153029,0.0,2.0106047543153029,0.0,16.708,2.0106,490.58756,7.6243,7.6243,180.0,5,3,2.049,1.23,4.5021406530722423,0.32662299269682171,0,0,2.459,2.869,86.820169880135026,90.0,90.0,90.0,105.25511870305665,180.0,180.0,180.0,180.0,180.0,0.31622776601681996,0.09999999999999998,0.09999999999999998,0.09999999999999998,0.09999999999999432,0.22360679774997894,0.22360679774997894,0.22360679774997894,0.22360679774997894,0.22360679774997894,2.09361,0.00017,0.0,0.0,0.0,0.0,100.0,0.10064,3.24578,10,2.102,3.25155,28.689,35.246000000000002,36.066000000000003,0.0,0,6,16.5,5,50,0.13274955761146953,1.6294778834094139,86.758753686881619,69.587006891566304,290.6875,17.049560111627514,37.58389,44.96644,0,0,5.738,6.557,0.82,0.41,61.0655737704918,30.737704918032787,4.098360655737705,1.639344262295082,0.0,2.459016393442623
32932,1156,37,1156_37,303,12.455130836819755,-0.0,12.455130836819755,-0.0,9.2,12.45513,3773.90464,21.73476,21.73476,180.0,9,10,2.97,3.3,42.144897355853459,1.521390947419357,1,1,5.611,6.601,61.699244233946708,70.55996517181228,70.559965171822057,71.565051177068227,71.565051177094276,74.744881296933698,78.690067525963016,90.0,100.30484646875666,105.25511870306704,0.14142135623726126,1.1401754250992875,0.3162277660165683,1.1000000000000227,0.3162277660169997,1.1401754250992078,1.140175425099153,0.10000000000002274,0.09999999999990905,0.3000000000001819,12.68783,0.0006,50.0,33.333,0.0,0.0,16.667,3.02012,26.89987,12,10.501,13.91599,0.0,50.825000000000003,49.174999999999997,0.0,0,1,249.0,249,249,12.07091162447629,12.07091162447629,0.0,3759.2719013621322,21.555555555555557,4.6427960923947067,34.31734,33.21033,1,1,9.901,9.901,1.65,1.65,81.18811881188118,12.541254125412541,4.9504950495049505,0.9900990099009901,0.0,0.33003300330033003
32933,1156,38,1156_38,716,15.212702910212686,0.00028,15.212702910212686,0.00028,4.153,15.2127,10892.29528,24.84673,24.84673,84.806,10,15,1.397,2.095,35.028432735438848,0.96540732513275329,1,1,7.123,7.123,26.778840406955858,27.144281088294672,27.950359892174085,29.10135919030532,45.000000000105835,45.000000000105835,45.000000000105835,45.000000000105842,54.637538112927118,58.240519915100251,1.2999999999998322,11.337107214805789,18.435834670553962,5.7218878003682585,0.14142135623756272,0.14142135623756272,0.14142135623756272,0.14142135623756272,1.8439088914584418,0.2236067977501315,15.36012,1e-05,60.0,26.667,13.333,0.0,0.0,0.8115,66.82363,23,14.366,16.3724,8.3800000000000008,47.485999999999997,44.134,7.0,-0.5182188345430366,3,217.66666666666666,115,341,22.968432679958795,7.9834061064776654,1572.6868805693477,3621.892523408465,342.25,18.5,35.6391,34.88722,3,2,9.916,10.894,2.654,2.793,91.20111731843575,7.82122905027933,0.9776536312849162,0.0,0.0,0.0
32934,1156,39,1156_39,974,14.319000146307868,0.00015,14.319000146307868,0.00015,5.036,14.319,13946.70614,24.68299,24.68299,101.31,21,25,2.156,2.567,27.894746103669746,0.94464520264245888,1,2,5.647,6.776,44.999999999837165,44.999999999869708,48.814074834294971,64.983106522023107,65.376435213839784,83.4180553447367,90.000000000110234,96.00900595744011,101.30993247387825,101.30993247410623,0.14142135623693972,0.1414213562368593,1.0630145812736318,0.1414213562368593,1.843908891458531,1.1704699910722967,0.36055512754685926,0.31622776601690983,1.0816653826389067,1.0816653826389067,14.4046,4e-05,57.143,33.333,4.762,0.0,4.762,0.64901,17.6893,34,12.524,15.00963,3.0800000000000001,48.048999999999999,48.871000000000002,0.0,0,2,454.5,177,732,15.566459526411265,13.962720995991711,4497.0398833655263,6964.8201186168471,32.399999999999999,5.6920997883030831,35.41442,39.07427,3,2,8.83,10.062,2.977,2.361,89.63039014373716,9.44558521560575,0.4106776180698152,0.5133470225872689,0.0,0.0
32935,1156,4,1156_4,799,15.335054336888399,0.0,15.335054336888399,0.0,9.616,15.33505,12252.70842,31.38057,31.38057,180.0,7,11,0.876,1.377,128.47993827191431,1.4595504627951132,0,3,7.885,7.76,129.80557109226547,135.00000000000011,145.00797980144137,146.30993247402273,153.43494882292191,167.90524292299199,168.69006752597164,168.6900675259773,168.69006752598793,179.99999914622637,0.7810249675906611,0.09999999999999964,1.2206555615733699,0.10000000000002274,0.22360679774997838,0.22360679774997896,0.3605551275463784,0.3605551275464021,0.14142135623728136,0.14142135623732158,15.515,0.00015,47.059,11.765,17.647,0.0,23.529,0.4734,44.99774,17,5.64,18.28218,8.7609999999999992,46.433,44.805999999999997,9.0,-1.4174609097774646,4,151.0,11,454,2.8708829118845616,46.524361339504686,4432.4387001569839,3043.9366599174014,78.799999999999997,8.8769364084688593,31.68909,30.19432,6,4,12.891,12.14,3.379,4.005,84.73091364205257,8.760951188986233,3.7546933667083855,1.0012515644555695,1.5018773466833542,0.2503128911138924
32936,1156,40,1156_40,762,15.174781530244102,0.0,15.174781530244102,0.0,4.602,15.17478,11563.18353,23.52275,23.52275,141.34,19,16,2.493,2.1,50.596753540858487,0.67864105738322744,1,1,4.462,5.118,31.400312554895486,36.610863754921887,41.921042627167189,43.082516866798933,45.000000000130278,45.000000000130278,51.34019174590356,65.658910063265679,90.0,95.194428907732672,2.758622844826807,13.926234236145866,3.401470270339078,4.62385120867875,0.14142135623750243,0.14142135623750243,0.09999999999990905,0.4123105625619425,1.199999999999818,0.09999999999990905,15.33867,0.00019,68.75,12.5,12.5,0.0,6.25,0.0291,45.63529,30,13.141,17.15154,11.811,45.932000000000002,42.256999999999998,5.0,-0.6105221845696283,2,330.5,227,434,26.846598031856857,13.962225234657838,1859.8997337357928,5775.3000006327093,625.0,25.0,41.54303,38.27893,2,2,7.349,7.349,2.362,2.362,90.68241469816273,8.398950131233596,0.5249343832020997,0.26246719160104987,0.13123359580052493,0.0
32937,1156,41,1156_41,424,8.6398459434312613,0.0,8.6398459434312613,0.0,9.375,8.63985,3663.29468,19.3582,19.3582,180.0,4,10,0.943,2.358,46.790326224717781,0.91891242867526568,0,2,4.717,6.604,75.379126011366907,97.125016348859475,153.43494882292202,175.36453657310133,177.27368900609395,177.27368900609395,180.0,180.0,180.0,180.0,1.0630145812735035,1.1401754250991705,0.10000000000013642,1.029563014098705,1.0816653826391511,1.0816653826391511,0.10000000000013642,0.10000000000013642,0.10000000000013642,0.10000000000013642,8.75171,0.0,22.222,33.333,0.0,0.0,44.444,0.18347,23.77433,19,8.473,11.91865,14.151,46.225999999999999,39.622999999999998,9.0,-0.8255722721678873,2,136.5,39,234,8.6093436450474901,6.6565884344746049,1494.8930831369516,1817.6939789161961,181.484375,13.471613674686489,33.55049,32.89902,4,4,7.547,9.906,3.066,3.066,84.90566037735849,10.849056603773585,1.8867924528301887,0.2358490566037736,0.2358490566037736,1.8867924528301887
32938,1156,42,1156_42,565,10.710467406391981,-0.0,10.710467406391981,-0.0,12.368,10.71047,6051.41408,22.37543,22.37543,180.0,8,14,1.416,2.478,60.682560502986753,1.4113948691620839,0,3,7.434,9.381,94.398705355003003,96.340191745912563,97.125016348872407,97.125016348894277,97.125016348924603,101.30993247402836,114.44395478041611,120.96375653206971,120.96375653207926,168.69006752595789,1.1661903789690717,1.1313708498985122,0.22360679774982645,0.36055512754644936,1.1401754250991705,0.2236067977500171,0.09999999999990905,0.09999999999990905,0.10000000000013642,0.36055512754635477,10.78642,0.00019,41.667,16.667,8.333,8.333,25.0,0.11683,38.18629,26,9.215,13.30856,3.54,49.027000000000001,47.433999999999997,14.0,-0.652753648083464,3,131.0,7,219,0.26509319292323019,16.115906000636468,1442.1836634917636,2000.2516878005929,11.854166666666666,3.4429880433522659,31.05727,32.15859,5,3,11.327,14.69,4.425,4.779,73.6283185840708,17.699115044247787,5.84070796460177,2.1238938053097347,0.5309734513274337,0.17699115044247787
32939,1156,43,1156_43,170,4.4612735737427167,0.0,4.4612735737427167,0.0,10.653,4.46127,758.41651,15.56181,15.56181,180.0,3,4,1.765,2.353,24.869861629636649,0.84317821851607899,0,1,4.118,5.294,49.790130722363109,55.203973721731629,55.304846468765874,58.570434385161377,66.926214036494187,81.86989764584392,85.601294645003421,90.0,105.25511870305773,105.25511870305773,2.9732137494636848,1.3341664064126333,0.1414213562373093,0.31622776601683694,3.2015621187164243,1.1180339887498947,0.2236067977500203,0.20000000000004547,1.1401754250991378,1.1401754250991378,4.67238,0.00031,0.0,0.0,33.333,33.333,33.333,3.08625,19.24801,6,3.291,7.12833,35.293999999999997,31.765000000000001,32.941000000000003,10.0,-0.45271826103378715,1,88.0,88,88,16.433266699819981,16.433266699819981,0.0,732.91329819876614,0.0,0.0,28.30189,31.13208,1,1,7.059,7.059,1.176,1.765,76.47058823529412,14.705882352941176,6.470588235294118,1.7647058823529411,0.0,0.5882352941176471
32940,1156,44,1156_44,604,12.385385416152712,0.00033,12.385385416152712,0.00033,7.022,12.38539,7480.77279,20.75114,20.75114,180.0,15,12,2.483,1.987,26.54025789467623,1.0236831959790904,0,1,6.126,6.954,75.9637565320633,75.9637565320633,80.537677791960306,80.537677791960306,84.80557109226946,84.80557109226946,84.805571092271592,85.236358309277435,85.236358309277435,105.2551187030618,1.2369316876851657,1.2369316876851657,1.2165525060595093,1.2165525060595093,1.1045361017186273,1.1045361017186273,0.09999999999990905,1.2041594578790407,1.2041594578790407,1.1401754250995368,12.54891,0.00029,15.385,69.231,7.692,0.0,7.692,1.53382,16.81816,22,10.412,13.41571,6.6230000000000002,47.847999999999999,45.530000000000001,0.0,0,1,543.0,543,543,11.288918646497327,11.288918646497327,0.0,7461.8021178532217,5.8055555555555562,2.4094720491334933,35.90664,32.85458,2,2,10.43,11.921,2.98,3.477,82.94701986754967,14.56953642384106,2.152317880794702,0.16556291390728478,0.0,0.16556291390728478
32941,1156,45,1156_45,663,3.8236349253759041,0.0,3.8236349253759041,0.0,10.49,3.82363,2535.06996,10.30194,10.30194,180.0,3,3,0.452,0.452,4.9656832274305192,0.64728638006122052,0,0,8.296,8.899,94.763641690721684,95.194428907734817,99.462322208025626,100.30484646876916,132.95459151111277,160.85186254206036,174.80557109226527,180.0,180.0,180.0,1.2041594578792674,0.5,1.216552506059644,0.20000000000004547,1.2529964086141667,1.2529964086141667,1.1045361017187258,1.118033988749895,1.118033988749895,1.118033988749895,3.88134,5e-05,0.0,0.0,0.0,35.714,64.286,0.2006,5.00798,13,2.305,4.35129,3.0169999999999999,50.075000000000003,46.908000000000001,7.0,-0.30123989658900724,5,98.200000000000003,10,238,0.10935424262231533,1.5976965106023957,472.9262397076497,479.87601100732206,12.359999999999999,3.5156791662493889,33.73494,34.42341,0,0,12.519,14.63,2.564,2.715,76.16892911010558,17.647058823529413,3.469079939668175,1.6591251885369533,0.30165912518853694,0.7541478129713424
32942,1156,46,1156_46,497,6.4486185522407498,-0.0,6.4486185522407498,-0.0,19.996,6.44862,3204.96342,20.27634,20.27634,180.0,2,6,0.402,1.207,56.594312731479114,0.78405356072875054,0,1,6.036,9.256,172.87498365109278,172.87498365110102,173.6598082540722,179.99999879258175,180.0,180.0,180.0,180.0,180.0,180.0,1.140175425099193,1.1313708498984518,0.14142135623722107,1.1313708498986128,0.14142135623738186,0.14142135623738186,0.14142135623738186,0.14142135623738186,0.14142135623738186,0.14142135623738186,6.50889,0.00024,18.182,18.182,9.091,0.0,54.545,0.14243,41.95099,27,4.899,8.83242,0.0,57.344000000000001,42.655999999999999,2.0,-1.0217750060004782,1,204.0,204,204,7.7771039555883457,7.7771039555883457,0.0,3099.5175240324493,6.0,2.4494897427831779,33.14917,29.55801,3,3,9.054,14.286,3.018,2.414,72.43460764587525,10.060362173038229,9.25553319919517,5.4325955734406435,0.6036217303822937,2.2132796780684103
32943,1156,47,1156_47,1201,7.3067674251540637,8e-05,7.3067674251540637,8e-05,12.464,7.30677,8775.42768,22.39866,22.39866,180.0,23,17,1.915,1.415,58.024213907946425,0.74560978270085065,0,1,3.913,5.079,180.0,180.0,180.0,180.0,180.0,180.0,180.0,180.0,180.0,180.0,0.10000000000000009,0.10000000000000009,0.10000000000000009,0.10000000000000009,0.10000000000000009,0.10000000000000009,0.10000000000000009,0.10000000000000009,0.10000000000000009,0.10000000000000009,7.36765,4e-05,23.077,19.231,3.846,0.0,53.846,0.00489,31.71322,47,6.646,11.4726,16.652999999999999,46.878,36.469999999999999,18.5,-0.6707416344916233,7,89.571428571428569,9,244,1.1057538970360488,19.385430493927512,1451.9983091913132,1230.2923934257267,158.14668367346937,12.575638499633701,34.3832,30.57743,6,2,7.077,8.826,1.499,1.415,80.76602830974188,11.323896752706078,3.7468776019983348,1.665278934221482,0.2497918401332223,2.2481265611990007
32944,1156,48,1156_48,1186,15.658423720843363,0.00448,15.658423720843363,0.00448,6.338,15.65842,18570.89053,26.16295,26.16295,168.69,30,27,2.53,2.277,45.662324757281993,1.0560039660479197,1,4,6.998,6.998,64.440034828153159,68.705005695597961,70.184697103637973,90.0,90.0,90.000000000036636,92.045408488913779,102.31944525664771,135.00000000000406,145.00797980144836,0.2236067977498773,4.494441010849049,2.4698178070457306,0.1999999999999318,0.1999999999999318,0.14142135623742205,0.22360679775079242,1.140175425099098,1.131370849898653,0.1000000000003638,15.72169,0.00575,69.231,15.385,3.846,3.846,7.692,0.02921,49.02012,49,13.716,16.73855,8.4320000000000004,47.048999999999999,44.518999999999998,9.5,-0.3801698432141223,6,174.0,8,491,0.37286504606525683,15.620795585936914,3362.4940300332628,3010.5542704597101,405.5555555555556,20.138409955990955,37.06041,33.99459,8,5,11.383,10.118,4.047,3.541,83.72681281618887,14.839797639123104,0.7588532883642496,0.42158516020236086,0.25295109612141653,0.0
32945,1156,49,1156_49,240,11.948670087310607,0.02228,11.948670087310607,0.02228,11.308,11.94867,2867.68082,18.66869,18.66869,174.806,3,8,1.25,3.333,27.919824811275404,1.9134558791757894,0,1,7.5,8.75,50.194428907697436,75.963756532075436,90.0,90.0,95.19442890773,95.19442890773027,105.25511870305529,130.60129464502859,131.63353933656896,158.19859051364372,0.14142135623726126,0.2999999999999545,1.099999999999966,1.099999999999966,1.1045361017187405,0.3999999999998636,1.1401754250991478,1.236931687685276,1.341640786499823,1.0770329614269345,12.10863,0.01292,20.0,60.0,0.0,20.0,0.0,1.99492,40.51173,11,10.819,12.35671,0.0,45.417000000000002,54.582999999999998,0.0,0,1,200.0,200,200,6.5140901486552067,6.5140901486552067,0.0,2810.9920658112464,0.0,0.0,28.87931,39.22414,5,2,12.917,12.917,5.417,5.0,74.16666666666667,19.583333333333332,2.5,2.0833333333333335,1.25,0.4166666666666667
32946,1156,5,1156_5,239,8.5436663998760469,0.0,8.5436663998760469,0.0,8.12,8.54367,2041.93627,18.3393,18.3393,180.0,4,5,1.674,2.092,54.432710054323614,1.3253354807145907,0,1,1.255,4.184,45.000000000032578,59.036243467925516,59.03624346792553,61.389540334036859,84.805571092264657,84.805571092264657,90.0,106.38954033399932,180.0,180.0,1.2000000000000455,1.1661903789690717,0.39999999999997726,0.8999999999999773,1.104536101718864,1.104536101718864,0.10000000000002274,1.252996408614098,0.10000000000002274,0.10000000000002274,8.66699,0.00024,40.0,20.0,0.0,0.0,40.0,0.07982,14.70555,10,6.469,12.87297,20.920999999999999,40.585999999999999,38.494,0.0,0,1,145.0,145,145,15.314330828455253,15.314330828455253,0.0,2022.8284762509463,8.6875,2.9474565306378988,41.13924,37.34177,1,1,4.603,6.276,0.837,0.837,87.44769874476988,7.949790794979079,2.510460251046025,0.8368200836820083,0.0,1.2552301255230125
32947,1156,50,1156_50,1249,4.9642047007923109,0.0,4.9642047007923109,0.0,10.375,4.9642,6200.29167,21.40327,21.40327,180.0,17,19,1.361,1.521,45.441707717454584,0.67981941634105647,0,2,3.763,4.964,167.47119229084848,168.69006752597954,168.6900675259804,171.86989764584405,173.54118362128173,176.63353933657015,176.63353933657319,177.8789036033389,180.0,180.0,0.31622776601683783,1.118033988749895,1.1401754250991354,0.31622776601683766,1.118033988749895,0.5385164807134505,0.3162277660168559,1.208304597359457,0.3162277660168382,0.3162277660168382,5.00407,0.0,11.111,14.815,7.407,7.407,59.259,0.00064,32.55256,49,3.555,9.4916,35.228000000000002,38.109999999999999,26.661000000000001,9.25,-0.5486055594673989,4,116.5,28,215,2.7682222247714501,17.49688389074856,1268.8570486005556,1501.3144002614745,759.88999999999987,27.566102372297753,39.32412,28.72504,5,4,6.485,7.366,2.002,1.841,83.74699759807847,8.166533226581265,5.044035228182546,1.521216973578863,0.8807045636509208,0.6405124099279423
32948,1156,51,1156_51,1095,11.42288281099724,0.00107,11.42288281099724,0.00107,10.474,11.42288,12508.05668,25.88146,25.88146,180.0,14,16,1.279,1.461,70.64402225882651,0.90851746213283668,0,1,5.753,6.21,131.82016988025791,146.30993247402083,150.25511870306781,161.56505117709756,164.05460409907897,170.32173994686249,170.53767779197858,180.0,180.0,180.0,0.5099019513589931,0.2999999999999545,1.6124515496596534,0.10000000000013642,0.7280109889280925,1.1180339887497728,1.3601470508735276,0.09999999999990905,0.09999999999990905,0.09999999999990905,11.4666,0.00031,41.667,16.667,16.667,0.0,25.0,0.04907,57.28715,21,5.561,14.22178,10.959,45.023000000000003,44.018000000000001,9.0,-1.4902771400876027,4,192.0,48,441,15.107894184660509,33.659307806876022,2734.3702978759347,3093.3634886054483,53.320987654320987,7.302122133621225,32.95325,35.23375,4,1,8.219,10.502,2.283,2.009,81.18721461187215,10.593607305936073,5.7534246575342465,1.36986301369863,0.547945205479452,0.547945205479452
32949,1156,52,1156_52,1094,14.991581917719385,0.0,14.991581917719385,0.0,5.69,14.99158,16400.79062,22.85695,22.85695,180.0,18,23,1.645,2.102,17.157407618934421,1.0637062769844516,1,3,7.495,7.13,55.007979801448343,56.893446654705379,59.036243467930319,66.317912275458525,67.280978912966532,74.744881296932206,86.054813770942388,109.73268949965242,156.59531044897139,169.50852298767637,1.220655561573266,6.477653896280748,1.1661903789690133,0.5099019513592606,1.1180339887497728,1.140175425099098,1.140175425099098,1.526433752247625,1.2806248474866833,1.2041594578790784,15.08032,0.00041,54.167,37.5,8.333,0.0,0.0,0.27447,42.89533,38,13.696,15.08699,2.742,47.531999999999996,49.725999999999999,9.0,-0.759426760556166,3,353.33333333333331,160,627,14.417581552424309,9.3333382720513942,3195.4098226678548,5459.8584507719552,0.0,0.0,35.69457,37.16651,9,5,11.7,10.603,3.839,4.205,87.56855575868373,11.151736745886655,0.9140767824497258,0.09140767824497258,0.18281535648994515,0.09140767824497258
32950,1156,53,1156_53,1616,9.5135358650952675,0.0,9.5135358650952675,0.0,7.581,9.51354,15373.87396,20.74801,20.74801,180.0,17,13,1.052,0.804,48.492325937605465,0.73921337695895684,0,1,6.374,7.673,104.03624346794948,104.03624346794948,108.43494882292201,108.43494882292201,108.43494882318255,115.01689347810004,124.99202019855169,153.4349488228178,180.0,180.0,0.14142135623782398,0.14142135623782398,0.14142135623782398,0.14142135623782398,0.14142135623718088,0.14142135623730964,0.1000000000003638,0.22360679774997896,0.1000000000003638,0.1000000000003638,9.57252,2e-05,22.857,31.429,14.286,2.857,28.571,0.03338,21.08559,54,7.002,12.49041,12.375999999999999,46.597000000000001,41.027000000000001,25.0,-0.1271145389035658,4,280.25,76,810,13.648540562742488,10.87996543112442,4740.1687846671621,3816.4970123177873,134.8896,11.614198207366705,33.68592,32.22132,5,2,9.901,12.314,2.537,2.475,84.22029702970298,10.51980198019802,4.26980198019802,0.6806930693069307,0.12376237623762376,0.18564356435643564
32951,1156,54,1156_54,1421,10.638025532518304,0.00162,10.551692782836923,0.00162,17.077,10.63803,15116.63428,54.07227,141.70014,180.0,20,22,1.407,1.548,75.956170690378173,20.215561944557663,0,18,8.234,8.023,170.53767779190744,171.86989764576458,173.08877288095312,173.61843946746021,176.98721249581527,177.24991482509154,178.84266693188093,180.0,180.0,180.0,0.8602325267042997,0.2828427124751656,1.1661903789683115,1.2529964086144607,2.8000000000010914,3.5805027579932833,4.883646178829172,0.09999999999999998,0.09999999999999998,0.09999999999999998,10.62091,0.00073,35.484,9.677,16.129,9.677,29.032,0.02762,165.70233,34,4.762,12.10416,10.555999999999999,44.828000000000003,44.616,12.4,-0.750510044808617,18,53.555555555555557,7,336,104.1903811160397,11.15822430272984,1554.4830718713724,814.66375376036251,242.59171597633133,15.575356046534901,32.82134,34.19563,23,19,12.738,12.808,5.348,3.589,72.76565798733286,13.58198451794511,8.304011259676285,2.6038001407459537,1.9704433497536946,0.7741027445460943
32952,1156,55,1156_55,395,10.707501982251017,0.00057,10.707501982251017,0.00057,11.637,10.7075,4229.46328,22.06377,22.06377,180.0,6,8,1.519,2.025,34.657603831736125,0.95844783210614271,0,0,6.582,8.608,99.462322208016815,99.462322208018577,99.462322208018577,105.25511870305678,109.98310652190189,109.98310652190568,115.01689347809432,116.56505117707799,153.43494882292202,180.0,0.09999999999990905,1.2165525060594347,1.2165525060594347,1.1401754250990384,1.170469991072122,0.20000000000004547,0.14142135623718088,0.20000000000004547,0.4472135955000596,0.20000000000004547,10.97352,0.00101,25.0,50.0,0.0,25.0,0.0,0.80568,36.50352,18,9.53,11.20132,2.532,48.607999999999997,48.860999999999997,0.0,0,2,161.5,39,284,19.126026186811679,11.416053451411743,1720.7689961433773,2097.007450012542,0.66666666666666663,0.81649658092772603,33.687,37.40053,2,1,9.62,12.405,3.797,3.544,77.72151898734177,14.177215189873417,4.810126582278481,2.5316455696202533,0.25316455696202533,0.5063291139240507
32953,1156,56,1156_56,643,7.6841657967344039,0.00188,7.6841657967344039,0.00188,17.193,7.68417,4940.91861,22.86154,22.86154,180.0,7,12,1.089,1.866,35.464964593056038,1.222404589820572,0,2,6.687,7.621,180.0,180.0,180.0,180.0,180.0,180.0,180.0,180.0,180.0,180.0,0.09999999999990905,0.09999999999990905,0.09999999999990905,0.09999999999990905,0.09999999999990905,0.09999999999990905,0.09999999999990905,0.09999999999990905,0.09999999999990905,0.09999999999990905,7.70521,0.00056,14.286,21.429,14.286,21.429,28.571,0.11473,13.6477,21,6.337,8.85971,3.1099999999999999,49.299999999999997,47.588999999999999,7.5,-0.6171598956602063,5,92.200000000000003,31,225,5.4041166194886676,9.2025552102808561,1155.977073357725,971.24827572088032,11.555555555555555,3.39934634239519,33.81295,34.71223,3,3,11.042,13.841,3.266,2.333,71.22861586314153,17.262830482115085,5.443234836702955,3.1104199066874028,0.6220839813374806,2.332814930015552
32954,1156,57,1156_57,242,14.474823643723537,0.02052,14.474823643723537,0.02052,4.759,14.47482,3502.90732,20.19505,20.19505,31.821,5,9,2.066,3.719,5.8824143673995959,1.5714073381919071,1,1,7.025,5.785,16.862309442136041,17.437529172312761,17.631789571111835,18.122925878855483,18.221159593044703,21.28409615927389,21.710484498842249,22.736988278266661,23.28142446874633,25.150870353603199,9.841239759298688,11.47562634456172,15.100000000000023,10.800462953040524,13.572398461583713,12.00166655094198,11.271202242884213,12.842507543310981,13.566502865514009,12.369316876853043,14.59052,0.0462,40.0,60.0,0.0,0.0,0.0,0.56138,7.62314,11,14.054,14.47482,0.0,45.868000000000002,54.131999999999998,0.0,0,0,0,0,0,0,0,0.0,0.0,0,0,34.29752,42.14876,2,2,10.744,10.331,3.719,4.132,85.53719008264463,14.462809917355372,0.0,0.0,0.0,0.0
32955,1156,58,1156_58,755,13.925746327693364,0.00019,13.925746327693364,0.00019,6.376,13.92575,10513.93848,23.51276,23.51276,180.0,17,13,2.252,1.722,35.421496501502965,0.82100028196885311,1,2,5.563,5.033,68.404689551034664,69.341089936691773,73.739795291679712,79.992020198551671,86.820169880165835,91.548157699009735,92.489552921996705,109.65382405800301,142.69605172203316,161.25024236968304,1.2806248474866833,1.118033988749854,0.2236067977497756,1.220655561573266,0.31622776601698177,1.170469991071908,1.0295630140987795,0.3605551275464494,1.2369316876851657,1.1180339887497728,14.09721,0.00027,43.75,37.5,12.5,6.25,0.0,0.49838,43.1519,24,10.762,14.30193,1.325,47.549999999999997,51.125999999999998,24.0,-0.6339810125155266,2,346.0,260,432,20.088580250409294,22.05798999101005,1320.5563701738192,5233.525112072015,9.0,3.0,34.82993,38.5034,3,3,10.596,9.007,2.914,1.987,87.41721854304636,9.801324503311259,1.9867549668874172,0.3973509933774834,0.26490066225165565,0.13245033112582782
32956,1156,59,1156_59,720,10.257245333417213,0.0,10.257245333417213,0.0,11.941,10.25725,7385.21664,19.1387,19.1387,180.0,11,14,1.528,1.944,33.49575150342411,0.72906246538151842,0,3,5.556,5.972,111.80140948635575,120.96375653206971,120.96375653206971,120.96375653206971,120.96375653208884,124.99202019855166,153.4349488229432,159.34108993671001,180.0,180.0,1.2041594578792627,0.09999999999990905,0.09999999999990905,0.09999999999990905,0.1000000000003638,1.220655561573266,0.22360679774994083,1.1661903789690133,0.20000000000027285,0.20000000000027285,10.35991,0.0,20.0,46.667,13.333,0.0,20.0,0.14647,29.43418,30,8.874,11.74049,8.3330000000000002,47.5,44.167000000000002,0.0,0,3,187.33333333333334,14,282,3.7960487570530779,6.740937600906272,1665.6217409947228,2439.500579292996,37.0,6.0827625302982193,40.44586,35.03185,4,3,9.167,10.139,2.639,2.639,77.91666666666667,15.0,3.1944444444444446,2.5,0.9722222222222222,0.4166666666666667
32957,1156,6,1156_6,631,13.708491849841769,0.0,13.708491849841769,0.0,5.991,13.70849,8650.05836,25.76063,25.76063,180.0,12,10,1.902,1.585,54.143495259874129,1.136061653074617,1,1,6.498,7.924,74.744881296938203,74.744881296938217,79.592288687578389,79.695153531246461,80.537677791981423,85.236358309255863,85.236358309255863,85.236358309255863,95.194428907704904,95.194428907709195,1.1401754250995368,0.2999999999992724,0.41231056256150134,0.3000000000001819,0.5,1.2041594578790784,1.2041594578790784,1.2041594578790784,1.104536101719039,0.0999999999994543,13.82771,0.0002,64.286,14.286,0.0,0.0,21.429,0.09617,20.31077,24,11.51,15.57561,4.7539999999999996,50.079000000000001,45.165999999999997,0.0,0,1,523.0,523,523,20.759935056317875,20.759935056317875,0.0,8612.5580348686417,18.75,4.3301270189221936,35.31532,32.79279,2,2,10.618,12.203,2.853,3.17,86.6877971473851,10.935023771790808,1.901743264659271,0.31695721077654515,0.0,0.15847860538827258
32958,1156,60,1156_60,1355,10.341193523291542,0.0001,10.341193523291542,0.0001,6.684,10.34119,14012.31722,24.04413,24.04413,180.0,16,26,1.181,1.919,65.521915775825718,0.75506806333454835,0,2,4.207,5.978,103.24051991514223,105.25511870305075,105.25511870305075,105.25511870305628,111.37062226922221,119.74488129677438,120.9637565321987,127.08583549095012,171.57303097851761,180.0,0.9486832980502622,1.1401754250994771,1.1401754250994771,1.1401754250995069,0.22360679774967393,1.1401754250985996,1.2369316876851382,0.6082762530298271,1.2206555615733963,0.1999999999999318,10.37327,9e-05,43.333,13.333,6.667,3.333,33.333,0.0277,47.14458,51,8.664,14.6929,15.497999999999999,45.314,39.188000000000002,13.0,-0.1662896377403927,4,218.75,26,316,13.748407959101581,13.514121039863076,1903.1628475937239,3480.8531078864321,229.70559999999998,15.156041699599536,35.08403,36.13445,5,5,7.454,8.635,1.624,1.919,85.83025830258302,10.55350553505535,2.2878228782287824,0.959409594095941,0.14760147601476015,0.22140221402214022
32959,1156,61,1156_61,473,0.099302324764528813,0.0,0.099302324764528813,0.0,9.043,0.0993,46.97,1.21655,1.21655,180.0,0,0,0.0,0.0,0.058468858021518605,0.10153368587174286,0,0,0.211,2.537,108.43494882292204,109.98310652189998,109.98310652189998,109.98310652189998,111.80140948635182,116.56505117707799,153.43494882292202,161.56505117707803,171.86989764584399,180.0,1.118033988749895,1.1704699910719627,1.1704699910719627,1.1704699910719627,0.09999999999999987,1.118033988749895,0.4472135954999583,0.22360679774997877,0.31622776601683783,0.22360679774997905,0.10064,0.00016,0.0,0.0,0.0,0.0,100.0,0.00233,0.12999,15,0.127,0.64135,63.424999999999997,24.524000000000001,12.051,0.0,0,0,0,0,0,0,0,0.0,0.0,880.359375,29.670850594480772,37.2093,13.95349,0,0,0.211,4.228,0.0,0.0,86.4693446088795,4.016913319238901,6.13107822410148,2.3255813953488373,0.42283298097251587,0.6342494714587738
32960,1156,62,1156_62,854,5.3737566028468189,0.0,5.3737566028468189,0.0,6.656,5.37376,4589.18814,16.34534,16.34534,180.0,9,10,1.054,1.171,16.965304376170518,0.68613659536742433,0,1,4.45,5.855,90.0,90.0,90.0,90.0,90.0,90.0,90.0,95.194428907734959,100.30484646876525,180.0,0.19999999999999574,0.19999999999999574,0.19999999999999574,0.19999999999999574,0.19999999999999574,0.19999999999999574,0.19999999999999574,0.09999999999999432,1.118033988749915,0.09999999999999432,5.38633,0.0,0.0,0.0,33.333,33.333,33.333,0.0515,30.59551,18,2.415,7.19026,14.052,45.433,40.515000000000001,13.0,-0.2445128543169609,4,144.0,5,437,0.024104565704886383,2.3014093420965454,1209.2511635165708,1132.8984152968485,110.05917159763314,10.490908997681428,37.67661,37.36264,2,1,9.485,11.124,2.342,1.991,87.0023419203747,9.601873536299765,2.107728337236534,1.053864168618267,0.0,0.234192037470726
32961,1156,63,1156_63,926,12.019462213936867,0.00024,12.019462213936867,0.00024,8.68,12.01946,11130.02201,20.8125,20.8125,180.0,14,21,1.512,2.268,33.646718152538718,0.80979259222419864,0,0,7.343,7.883,109.98310652189808,109.98310652189808,151.61664585845676,158.19859051366615,161.56505117713013,168.11134196037659,173.65980825399799,175.23635830927827,175.60129464500824,180.0,0.1999999999998181,0.1999999999998181,1.2041594578787764,0.09999999999990905,0.14142135623782398,1.0770329614269345,0.6403124237436257,1.118033988749895,1.118033988749895,1.1661903789690133,12.11222,0.00345,35.0,40.0,10.0,0.0,15.0,0.15254,13.63269,21,9.418,12.85537,2.1600000000000001,50.0,47.840000000000003,5.0,-0.8210730733263129,3,266.66666666666669,22,583,5.5367705703908099,8.9410997847216649,3731.3097668782816,3684.9119595861921,13.346938775510207,3.6533462435841209,36.30058,35.0289,0,0,11.447,12.959,3.78,3.564,83.8012958963283,11.23110151187905,2.915766738660907,1.079913606911447,0.4319654427645788,0.5399568034557235
32962,1156,64,1156_64,330,15.619977649057976,0.05535,15.619977649057976,0.05535,6.036,15.61998,5154.59262,24.43686,24.43686,60.368,11,9,3.333,2.727,24.24881339444434,1.6960016181833246,1,2,8.485,9.394,23.361867601223409,25.463747603617321,27.288413027509854,31.378820396144448,34.645679038019317,35.250606744962916,35.594028399641012,39.050371505504295,47.252860053995256,48.366460663432541,13.911865439257198,12.592855117089186,19.906029237394435,3.0016662039607267,12.101652779682603,13.603308421115798,13.566502865514138,12.114866899805397,3.4058772731853852,4.101219330881973,15.6055,0.06046,85.714,0.0,14.286,0.0,0.0,2.08585,48.31851,18,14.958,16.41044,0.0,52.726999999999997,47.273000000000003,18.0,-0.215422918507342,1,141.0,141,141,15.508510020745261,15.508510020745261,0.0,2312.4237830202246,0.0,0.0,29.29936,28.98089,5,5,12.727,15.455,6.364,6.061,81.51515151515152,17.575757575757574,0.9090909090909091,0.0,0.0,0.0
32963,1156,65,1156_65,621,6.0894270912169315,-0.0,6.0894270912169315,-0.0,9.205,6.08943,3781.53422,19.52562,19.52562,180.0,5,9,0.805,1.449,49.288507330382949,0.60915526617678684,0,1,3.704,5.314,100.30484646875666,179.99999879258175,180.0,180.0,180.0,180.0,180.0,180.0,180.0,180.0,1.1180339887498847,1.1045361017187405,0.19999999999999973,0.19999999999999973,0.19999999999999973,0.19999999999999973,0.19999999999999973,0.19999999999999973,0.19999999999999973,0.19999999999999973,6.18294,0.00058,15.385,23.077,7.692,0.0,53.846,0.00184,25.66301,24,6.755,11.00055,33.816000000000003,35.265999999999998,30.917999999999999,12.0,-0.6547179976213823,1,276.0,276,276,12.002888809645807,12.002888809645807,0.0,3724.5338852044865,489.65432098765439,22.128134150615917,30.3207,35.56851,3,2,6.28,7.89,1.932,2.093,84.70209339774557,9.822866344605474,3.0595813204508855,0.8051529790660226,0.0,1.6103059581320451
32964,1156,66,1156_66,711,5.8568239867866954,0.0,5.8568239867866954,0.0,12.391,5.85682,4164.20185,20.88923,20.88923,161.565,12,10,1.688,1.406,40.934335713257092,0.57682301624411847,0,0,4.219,5.345,101.30993247401688,101.30993247414716,104.03624346786518,104.03624346799545,108.43494882290572,109.98310652189522,116.56505117707799,116.56505117707799,142.12501634890381,153.43494882290898,1.081665382639348,0.14142135623750243,0.14142135623734164,1.1661903789690133,0.14142135623730148,0.09999999999990905,0.09999999999999964,0.09999999999999964,0.0999999999999659,0.09999999999990905,5.93812,0.0002,13.333,13.333,20.0,0.0,53.333,0.008,32.90609,24,4.371,10.06198,19.690999999999999,43.179000000000002,37.131,11.5,-0.2608026830075403,2,170.5,58,283,16.256883007184811,14.762273532205857,1353.7015068424421,2027.3312015292413,181.09999999999999,13.457340004622013,37.7129,33.33333,1,1,5.907,8.158,1.406,1.125,72.43319268635724,18.28410689170183,6.047819971870605,2.8129395218002813,0.4219409282700422,0.0
32965,1156,67,1156_67,1091,8.8638762605561201,-0.0,8.8638762605561201,-0.0,6.702,8.86388,9670.489,20.5497,20.5497,180.0,17,16,1.558,1.467,21.675180680629403,0.86851010442728893,0,1,8.983,8.066,63.434948822922017,68.112989313121062,73.300755766007285,74.931511840490174,86.820169880153799,89.99999999997965,113.19859051362012,161.56505117709347,175.23635830927401,177.51044707800261,1.118033988749895,3.2893768406796964,1.0440306508910502,2.408318915758601,0.31622776601681996,0.44721359549986894,1.0770329614268976,0.09999999999999432,1.118033988749895,0.31622776601680647,8.89653,2e-05,4.167,33.333,33.333,8.333,20.833,0.055,22.00001,21,6.532,9.32283,8.2490000000000006,46.103999999999999,45.646000000000001,0.0,0,6,163.83333333333334,22,453,3.132099784942838,14.437193517147385,1708.313619129043,1602.1158930433676,162.66666666666666,12.754084313139327,34.13693,34.13693,1,1,11.641,11.091,3.116,3.208,82.85976168652613,15.307057745187901,1.374885426214482,0.09165902841429881,0.09165902841429881,0.27497708524289644
32966,1156,68,1156_68,932,14.395490401330653,0.0,14.395490401330653,0.0,5.211,14.39549,13416.59705,25.54251,25.54251,180.0,20,22,2.146,2.361,27.335177993609062,1.25056861962873,1,2,9.979,9.764,34.999529967117915,35.678939289571488,38.074450527766892,38.22434383060137,42.741440234023464,68.629377730554737,90.0,102.52880770910552,143.97262661489989,180.0,4.341658669218618,6.19112267686504,8.420213774008154,6.640783086353596,12.630122723077216,0.22360679774997896,1.1000000000003638,1.118033988749895,1.2165525060603692,0.10000000000013642,14.51435,0.00013,60.0,20.0,15.0,5.0,0.0,1.44005,29.40677,28,12.234,15.08845,2.1459999999999999,50.429000000000002,47.424999999999997,0.0,0,1,878.0,878,878,15.835117881474282,15.835117881474282,0.0,13406.323250878962,15.1875,3.897114317029974,30.70866,29.13386,6,5,13.841,13.841,4.185,4.614,87.12446351931331,12.231759656652361,0.1072961373390558,0.2145922746781116,0.1072961373390558,0.2145922746781116
32967,1156,69,1156_69,213,0.035892065352334974,0.0,0.035892065352334974,0.0,1.69,0.03589,7.64501,1.11803,1.11803,180.0,0,0,0.0,0.0,0.018054482649438552,0.038309859154929571,0,0,0.0,1.408,0,0,0,0,0,0,0,0,0,179.99999879258175,0,0,0,0,0,0,0,0,0,0.14142135623730953,0.03583,0.00025,0.0,0.0,0.0,0.0,100.0,0.00235,0.04769,5,0.045,1.07642,84.507000000000005,11.737,3.7559999999999998,0.0,0,0,0,0,0,0,0,0.0,0.0,871.25,29.516944286290883,0.0,0.0,0,0,0.0,1.408,0.0,0.0,99.06103286384976,0.0,0.0,0.0,0.0,0.9389671361502347
32968,1156,7,1156_7,560,7.6384798849708009,0.0,7.6384798849708009,0.0,12.18,7.63848,4277.54874,21.06086,21.06086,180.0,7,8,1.25,1.429,54.727071475467888,0.60467616668323798,0,1,2.679,5.179,104.03624346794182,134.99999999999997,135.0,135.00000000000205,172.87498365109468,172.87498365109687,172.87498365109687,180.0,180.0,180.0,0.14142135623722107,0.09999999999999964,0.1000000000003638,0.0999999999999659,0.3605551275463863,1.140175425099193,1.140175425099193,0.0999999999999659,0.0999999999999659,0.0999999999999659,7.77311,0.0002,16.667,33.333,0.0,8.333,41.667,0.03065,28.08625,23,6.31,11.70985,23.213999999999999,39.643000000000001,37.143000000000001,14.0,-0.7275827964405284,2,152.5,73,232,14.705443214154407,14.208275238058601,1300.2427553221266,2105.6433780632387,347.84000000000003,18.650469162999627,37.08791,38.46154,1,1,6.25,7.679,1.607,2.321,76.07142857142857,15.535714285714286,5.178571428571429,1.4285714285714286,0.5357142857142857,1.25
32969,1156,70,1156_70,1293,13.515933867772294,0.0,13.515933867772294,0.0,12.182,13.51593,17476.10249,25.71089,25.71089,180.0,14,18,1.083,1.392,64.323097033900751,0.72318419654016142,1,0,6.032,6.806,171.86989764584672,172.87498365109673,174.80557109226712,175.42607874009894,175.60129464500847,176.82016988013666,180.0,180.0,180.0,180.0,0.7071067811865314,0.10000000000002274,1.1000000000000227,0.41231056256180465,0.41231056256174947,2.2135943621178833,0.2236067977500298,0.2236067977500298,0.2236067977500298,0.2236067977500298,13.61866,2e-05,57.143,17.857,0.0,3.571,21.429,0.29839,38.55127,36,10.557,15.05245,6.9610000000000003,49.110999999999997,43.929000000000002,5.25,-0.6534753896780715,4,253.25,14,917,1.2720484228692179,17.922702065417518,6944.0330776765059,4324.7190008465586,178.6875,13.367404385294851,38.56773,34.16739,1,0,10.75,11.833,2.63,3.558,80.04640371229698,12.219644238205722,4.408352668213457,1.237432327919567,1.160092807424594,0.9280742459396751
32970,1156,71,1156_71,855,10.28652202716269,0.0,10.28652202716269,0.0,9.964,10.28652,8794.97633,21.35275,21.35275,180.0,17,18,1.988,2.105,46.552599087620735,1.0427045552291068,0,1,5.146,5.614,105.2551187030648,105.25511870306781,105.25511870306781,115.01689347809432,115.01689347809432,115.01689347816327,155.55604521958168,174.89783474764693,180.0,180.0,0.09999999999990905,1.140175425099098,1.140175425099098,0.14142135623718088,0.14142135623718088,0.14142135623734164,0.09999999999990905,1.0770329614269345,0.09999999999990905,0.09999999999990905,10.3268,6e-05,33.333,33.333,11.111,0.0,22.222,0.13281,33.73747,34,8.449,12.49259,8.1869999999999994,47.250999999999998,44.561,7.5,-0.6907431893032078,4,155.0,7,306,0.65424136981170167,9.5496838025605673,2106.1572328983307,2182.5386605342665,238.35999999999996,15.438911878756221,36.27312,34.28165,5,1,7.953,9.24,1.754,2.105,80.93567251461988,12.514619883040936,4.093567251461988,1.871345029239766,0.11695906432748537,0.4678362573099415
32971,1156,72,1156_72,255,12.425578529569915,0.06009,12.425578529569915,0.06009,8.893,12.42558,3168.52253,25.29605,25.29605,174.806,3,5,1.176,1.961,26.159311930981328,4.8573615824234535,1,4,10.588,8.627,33.690067525977945,34.142478266285963,34.143586651938122,42.572455473178913,46.956953223927478,49.59071896790681,60.25511870306017,79.032304891169332,81.869897645842713,110.40179106681148,2.6832815729997477,2.0615528128089404,1.019803902718566,2.6907248094147116,2.308679276122998,24.850955716028302,1.2649110640672439,12.525573839150045,0.7071067811865958,15.727682601070022,12.31042,0.0555,20.0,60.0,0.0,20.0,0.0,1.08989,26.76227,10,11.315,12.72459,0.0,49.020000000000003,50.979999999999997,0.0,0,1,216.0,216,216,16.631703118827723,16.631703118827723,0.0,2930.2876683506615,0.0,0.0,30.12048,35.34137,7,5,14.118,14.902,5.49,6.275,76.47058823529412,20.784313725490197,1.9607843137254901,0.39215686274509803,0.0,0.39215686274509803
32972,1156,73,1156_73,984,15.23353710944418,0.0,15.23353710944418,0.0,7.161,15.23354,14989.80052,26.92675,26.92675,171.87,18,23,1.829,2.337,41.508574777463458,1.2416372236254059,1,5,6.809,7.215,94.085616779975538,94.398705355010875,97.125016348921861,104.0362434679316,108.43494882305228,115.01689347806699,149.03624346793029,153.43494882288294,161.56505117702588,161.56505117711711,1.4035668847619123,1.1661903789692474,0.3605551275467016,0.1000000000003638,1.118033988749895,1.1704699910718692,0.09999999999990905,0.22360679774997896,0.31622776601712554,0.22360679774997896,15.32378,3e-05,76.19,9.524,4.762,4.762,4.762,0.86411,26.36799,34,13.256,16.14573,4.0650000000000004,48.475999999999999,47.459000000000003,16.5,-0.77643491885527,3,294.66666666666669,41,659,10.032798268063937,18.295551734732211,4778.8149149285118,4983.6726693588507,31.359999999999996,5.5999999999999996,36.2069,35.45259,9,5,10.467,10.874,3.252,3.354,85.77235772357723,11.28048780487805,1.524390243902439,0.9146341463414634,0.4065040650406504,0.1016260162601626
32973,1156,74,1156_74,604,5.98990693078688,-0.0,5.98990693078688,-0.0,5.904,5.98991,3617.90379,16.16972,16.16972,180.0,15,15,2.483,2.483,33.74449178170336,0.97331404555158496,0,1,3.146,5.464,51.340191745903546,66.447736327095953,69.227745317969905,79.695153531243349,94.763641690721926,106.3895403340715,115.01689347812879,130.23635830929439,165.96375653206584,179.99999879258175,0.29999999999972715,1.345362404707432,0.14142135623722107,0.1000000000003638,0.1999999999998181,0.14142135623726126,1.1704699910720149,1.2041594578792105,0.4123105625616392,1.1180339887498847,6.04201,2e-05,0.0,15.385,23.077,23.077,38.462,0.03705,35.63783,20,4.649,9.08943,18.212,43.377000000000002,38.411000000000001,12.25,-0.3896071495371416,7,50.142857142857146,7,122,5.9266429136020218,10.506614247280684,529.5826769231428,506.88342504495449,234.51239669421491,15.313797592178595,27.20403,29.47103,1,1,5.298,7.947,1.656,1.159,86.25827814569537,11.42384105960265,1.1589403973509933,0.4966887417218543,0.33112582781456956,0.33112582781456956
32974,1156,75,1156_75,183,5.6923256281439469,0.0,5.6923256281439469,0.0,9.87,5.69233,1041.69559,15.43017,15.43017,180.0,3,6,1.639,3.279,23.931308724596374,1.9634581933641055,0,1,2.732,4.372,37.01399235497238,39.093858886229292,44.999999999983729,53.450698893602073,60.945395900922243,71.56505117707799,77.273520439443743,97.125016348901553,123.69006752597896,180.0,4.964876634922589,8.061017305526626,0.14142135623730148,3.3615472627943284,0.0999999999999659,0.14142135623726126,3.0610455730027932,1.140175425099113,1.081665382639159,0.0999999999999659,5.74521,0.00116,0.0,0.0,25.0,50.0,25.0,0.04721,16.12526,5,4.026,8.18987,21.858000000000001,39.344000000000001,38.798000000000002,0.0,0,2,60.0,30,90,10.503750745419865,9.4602944460183274,329.07119824875463,517.151299081145,297.5555555555556,17.249798710580816,31.49606,36.22047,1,1,5.464,5.464,2.186,2.186,81.9672131147541,13.66120218579235,2.185792349726776,0.546448087431694,0.546448087431694,1.092896174863388
32975,1156,76,1156_76,1205,10.82651172953334,-0.0,10.82651172953334,-0.0,8.734,10.82651,13045.94663,48.44337,48.44337,180.0,18,19,1.494,1.577,45.041232981895284,3.2235281746020679,0,3,4.979,6.473,111.37062226934745,149.03624346793029,165.96375653208887,168.69006752596778,174.88958243897292,179.99999879258175,179.99999879258175,180.0,180.0,180.0,0.2236067977497756,1.099999999999909,0.41231056256183224,1.118033988749895,1.1045361017186273,1.1180339887503017,1.1180339887503017,0.09999999999990905,0.09999999999990905,0.09999999999990905,10.85866,0.00038,26.923,38.462,11.538,3.846,19.231,0.05296,53.37085,47,9.108,12.52562,4.9790000000000001,50.622,44.398000000000003,0.0,0,2,454.5,149,760,8.9724393217348268,11.891891987756896,4171.096233901083,6480.1389802828317,53.621301775147941,7.3226567429552469,36.88761,34.48607,7,3,8.216,10.788,1.826,1.577,86.14107883817428,8.215767634854771,2.904564315352697,1.9087136929460582,0.24896265560165975,0.5809128630705395
32976,1156,77,1156_77,932,15.717193960074022,0.0122,15.717193960074022,0.0122,5.757,15.71719,14648.42477,24.44443,24.44443,161.565,20,23,2.146,2.468,16.547646639438433,0.89714621903629499,1,3,6.974,7.296,63.434948822933734,73.300755766008763,74.054604099074695,74.291362170987085,75.735487701921542,93.366460663427105,119.74488129694323,138.36646066342712,149.43597497896997,151.47042843960151,0.31622776601676605,1.044030650891042,1.0295630140987795,1.1661903789690133,0.5830951894845067,0.14142135623718088,1.1401754250990384,1.2041594578790975,1.220655561573266,1.2083045973593745,15.7536,0.01488,65.0,30.0,0.0,0.0,5.0,0.56626,19.67921,31,14.703,15.81823,2.1459999999999999,48.712000000000003,49.142000000000003,21.0,-0.5712014817873685,1,238.0,238,238,8.3551528819298948,8.3551528819298948,0.0,3655.2329939630358,0.0,0.0,36.60907,36.2851,5,4,10.408,10.944,3.541,3.648,88.94849785407726,9.44206008583691,0.9656652360515021,0.2145922746781116,0.4291845493562232,0.0
32977,1156,78,1156_78,1616,18.880308766274016,9e-05,18.880308766274016,9e-05,3.74,18.88031,30510.57897,43.96555,43.96555,180.0,23,22,1.423,1.361,59.320642622829816,1.1172913010964345,1,1,3.589,3.527,73.651828452649269,75.379126011343558,79.695153531234254,82.874983651120502,82.874983651128645,84.093858886229782,87.27368900609325,90.0,135.00000000001017,179.99999879258175,1.2206555615733719,1.0630145812733538,1.118033988749895,1.1401754250992202,0.14142135623726126,0.49999999999999856,1.16619037896906,0.09999999999854481,1.1313708498982913,0.14142135623911023,18.98938,0.00065,80.0,5.714,5.714,0.0,8.571,0.17676,45.31594,17,7.304,19.69176,14.851000000000001,44.802,40.347000000000001,14.83,-0.15796296324049697,6,246.66666666666666,5,1179,0.72025296187172982,14.619282725057747,9706.6450417219585,5069.8536225161961,42.138888888888886,6.4914473647168149,43.89929,40.09038,3,1,7.054,7.24,1.485,1.423,93.99752475247524,4.888613861386139,0.8663366336633663,0.06188118811881188,0.06188118811881188,0.12376237623762376
32978,1156,79,1156_79,680,6.7824646563730964,0.0,6.7824646563730964,0.0,8.032,6.78246,4612.07597,15.78132,15.78132,180.0,19,15,2.794,2.206,24.872599655638012,0.69727386630165711,0,1,2.353,3.971,89.999999999983714,90.0,90.000000000000895,105.06848815949316,106.58733855692861,118.61045966596356,131.63353933655762,131.63353933657027,135.0,180.0,1.1313708498984119,0.09999999999990905,0.141421356237309,1.2041594578792318,0.2236067977499758,0.09999999999990905,1.2041594578791162,0.10000000000000142,1.1313708498980901,0.10000000000000142,6.84586,1e-05,0.0,13.333,46.667,0.0,40.0,0.026,22.03816,26,5.271,8.78526,13.234999999999999,45.146999999999998,41.618000000000002,2.0,-0.9847822110980781,5,94.799999999999997,8,311,3.5911477219099277,7.0178891528803158,1167.9176713628572,909.57860295259729,143.55555555555554,11.981467170407619,34.73282,35.1145,1,1,6.324,6.618,1.029,1.618,82.05882352941177,14.558823529411764,1.911764705882353,0.7352941176470589,0.4411764705882353,0.29411764705882354
32979,1156,8,1156_8,763,15.699260643823152,0.00019,15.699260643823152,0.00019,7.473,15.69926,11978.53587,38.79188,38.79188,180.0,19,22,2.49,2.883,42.486884962076111,2.3640109894928139,1,2,5.898,5.505,74.87599269171568,79.992020198551671,81.869897645855744,85.601294645118912,90.0,90.0,100.00797980144833,104.0362434679367,149.03624346794948,171.86989764594827,1.063014581273482,0.42426406871218575,0.5000000000005457,1.2369316876851657,0.0999999999994543,0.0999999999994543,1.220655561573266,0.1000000000003638,1.1661903789687793,0.31622776601683794,15.81106,0.00045,75.0,18.75,0.0,0.0,6.25,0.94956,37.06436,31,14.318,16.48802,6.5529999999999999,46.265000000000001,47.182000000000002,0.0,0,1,684.0,684,684,18.197652578353654,18.197652578353654,0.0,11926.771531948691,3.04,1.7435595774162693,37.87879,35.81267,5,2,9.043,10.092,4.063,2.752,82.56880733944953,14.285714285714286,2.2280471821756227,0.5242463958060288,0.1310615989515072,0.2621231979030144
32980,1156,80,1156_80,1562,11.084272062535652,-0.0,11.051115679160697,-0.0,8.88,11.08427,17313.63296,42.34159,66.33159,180.0,28,27,1.793,1.729,41.483949800226036,2.7859959762381976,0,8,6.21,6.594,135.57500238800813,139.53139566782858,139.95511240703357,149.74356283645724,153.43494882292202,158.97143049600476,161.56505117710404,174.89783474762442,176.73596150282032,180.0,26.73293848419961,42.3415871218829,17.97692965998366,1.3892443989449608,0.09999999999990905,19.557607215607945,0.14142135623750243,1.0770329614271035,6.676076692189814,0.1000000000003638,11.07856,7e-05,32.353,35.294,8.824,2.941,20.588,0.11769,74.95153,51,8.339,12.64828,7.0419999999999998,48.335000000000001,44.622,10.0,-0.2683281572999544,8,155.5,6,864,0.17009323644395566,7.4058874358107456,4031.5969605392979,2145.4164332664591,25.933518005540162,5.0924962450197411,37.7843,33.96919,12,8,10.755,9.923,2.689,2.689,82.6504481434059,11.7797695262484,3.905249679897567,0.8962868117797695,0.5121638924455826,0.2560819462227913
32981,1156,81,1156_81,1250,11.327868686453423,0.0,11.327868686453423,0.0,6.839,11.32787,14159.83586,22.68942,22.68942,180.0,19,23,1.52,1.84,41.521567022468005,0.6724857576353197,0,1,4.16,4.08,105.25511870306279,153.43494882291827,158.19859051365495,168.6900675259898,174.88958243897326,180.0,180.0,180.0,180.0,180.0,1.1401754250985996,0.40000000000009095,1.0999999999994543,0.5099019513592606,1.1045361017186686,0.10000000000013642,0.10000000000013642,0.10000000000013642,0.10000000000013642,0.10000000000013642,11.39804,1e-05,29.63,40.741,7.407,3.704,18.519,0.03238,34.53378,43,10.24,13.66431,13.6,43.920000000000002,42.479999999999997,26.0,-0.5888805243204774,3,331.66666666666669,294,379,12.487353185084761,13.649923910067773,504.9032465175793,4704.5655442304605,117.87654320987654,10.857096444716541,37.58454,37.48792,3,1,7.92,7.76,1.76,1.44,88.4,8.88,0.96,0.96,0.24,0.56
32982,1156,82,1156_82,1181,15.5632500996863,-0.0,15.5632500996863,-0.0,5.026,15.56325,18380.19837,29.32064,29.32064,180.0,32,34,2.71,2.879,39.217295445537324,0.99803058984493342,1,1,6.012,6.266,75.963756532093953,79.695153531233188,86.268603000728234,95.194428907736025,100.30484646876681,120.96375653157287,161.56505117707553,180.0,180.0,180.0,1.236931687684063,0.09999999999999432,1.1180339887491626,2.209072203437445,1.1180339887499064,0.14142135623653776,0.31622776601682445,0.09999999999999432,0.09999999999999432,0.09999999999999432,15.66417,2e-05,73.077,11.538,7.692,3.846,3.846,0.0659,32.92406,29,12.709,16.37715,4.234,47.924999999999997,47.841000000000001,5.0,-0.8690654541888889,5,218.59999999999999,22,431,5.9000381397854849,16.766674055107099,3125.0952436141961,3670.8337066397353,215.1875,14.669270602180601,32.97683,34.31373,2,1,9.822,9.822,2.286,2.371,91.53259949195596,6.943268416596105,0.8467400508044031,0.1693480101608806,0.1693480101608806,0.3386960203217612
32983,1156,83,1156_83,573,10.109214957776835,0.00017,10.109214957776835,0.00017,11.631,10.10921,5792.58017,20.80096,20.80096,180.0,9,16,1.571,2.792,26.647717091038743,1.592385675344363,0,3,7.504,7.155,105.25511870305665,105.25511870305877,108.43494882293177,149.67639313744243,153.43494882291552,153.43494882293177,164.29136217098434,180.0,180.0,180.0,1.1401754250991554,0.09999999999999432,0.3605551275463863,1.1401754250990084,0.22360679774997896,0.10000000000002274,1.140175425099108,0.10000000000002274,0.10000000000002274,0.10000000000002274,10.17232,0.00042,16.667,50.0,16.667,0.0,16.667,0.76019,13.53221,25,8.728,11.37922,5.2359999999999998,44.851999999999997,49.912999999999997,10.5,-0.4113488104896897,2,240.0,181,299,7.1481564566410754,6.4574943862349485,282.38549119490494,2876.6612391299577,25.472222222222218,5.0470013099089064,32.87402,36.81102,4,4,11.867,10.297,3.316,3.839,75.5671902268761,19.022687609075042,2.443280977312391,1.5706806282722514,0.6980802792321117,0.6980802792321117
32984,1156,84,1156_84,1537,9.3080312584625879,7e-05,9.3080312584625879,7e-05,8.642,9.30803,14306.44404,23.03758,23.03758,180.0,27,23,1.757,1.496,64.289773349778756,0.87126149302702938,0,5,4.554,5.335,180.0,180.0,180.0,180.0,180.0,180.0,180.0,180.0,180.0,180.0,0.20000000000004547,0.20000000000004547,0.20000000000004547,0.20000000000004547,0.20000000000004547,0.20000000000004547,0.20000000000004547,0.20000000000004547,0.20000000000004547,0.20000000000004547,9.32937,0.00021,47.059,8.824,0.0,0.0,44.118,0.01906,24.54642,59,9.097,13.65692,21.469999999999999,42.811,35.719000000000001,18.0,-0.3960701700396938,4,227.25,5,684,0.45847912300264582,8.8263945352559201,4431.5865982431287,3539.3914346893089,317.58024691358031,17.820781321636275,37.41627,31.96172,9,7,7.157,8.979,2.407,2.082,84.71047495120365,9.62914769030579,3.6434612882238127,1.1711125569290826,0.06506180871828236,0.7807417046193884
32985,1156,85,1156_85,749,14.112293588613699,0.0,14.112293588613699,0.0,5.302,14.11229,10570.1079,24.91907,24.91907,91.146,15,19,2.003,2.537,32.471634288265278,1.0032546130431681,1,2,5.741,6.142,30.465544919460886,30.963756532069684,31.4035181338873,32.204805463989416,32.355187742088134,33.986167109641308,40.848714733610926,41.185925165707651,50.71059313750964,50.71059313750964,1.9723082923315434,2.200000000000273,1.5033296378373149,1.9026297590437005,2.080865204668599,0.905538513813822,0.9055385138138722,1.5556349186105976,1.4212670403554566,1.4212670403554566,14.24175,0.00132,62.5,18.75,12.5,0.0,6.25,0.24803,48.66745,26,13.739,14.28123,9.3460000000000001,44.058999999999997,46.594999999999999,19.5,-0.7034370638583594,6,116.5,7,289,0.017684449895754663,9.5741510603574298,1818.2685203308229,1751.3691272560711,0.0,0.0,36.08108,39.18919,3,2,10.547,10.814,2.403,2.136,86.64886515353805,12.950600801068092,0.26702269692923897,0.13351134846461948,0.0,0.0
32986,1156,86,1156_86,413,14.925856819417701,0.036,14.925856819417701,0.036,4.897,14.92586,6164.37887,21.62082,21.62082,80.754,13,11,3.148,2.663,22.439718303094342,1.6279287344190287,1,1,2.906,5.327,19.653999970083085,19.793850140594731,20.066447449775524,20.401528920411877,22.618751240862082,26.628753574049355,37.388062403284714,53.13010235413644,75.379126011347665,76.842457259977266,15.320900756809301,14.300349646075102,16.324827717314545,10.084145972763379,15.840454538932933,13.322161986704693,13.846299144536786,1.118033988749895,0.22360679774992812,0.36055512754644936,14.84131,0.0451,66.667,11.111,11.111,11.111,0.0,1.41086,32.93869,19,14.017,15.48753,4.843,49.637,45.521000000000001,0.0,0,2,60.0,8,112,0.46102804706808026,9.6214068034181146,867.34224944336506,895.9697572808916,2.25,1.5,42.46231,36.68342,2,1,5.811,7.99,1.937,2.179,89.83050847457628,9.200968523002421,0.9685230024213075,0.0,0.0,0.0
32987,1156,87,1156_87,331,7.5498624742716256,-0.0,7.5498624742716256,-0.0,5.938,7.54986,2499.00448,16.57015,16.57015,113.199,10,10,3.021,3.021,27.978247314449163,0.57070701998994966,0,0,0.604,0.302,29.958515858545848,30.844514707322354,30.963756532069699,33.283843885105931,33.321215671939676,37.874983651098233,39.289406862472951,63.434948822895954,108.43494882288944,111.80140948635632,5.05371150739729,4.368065933568351,0.09999999999990905,4.52769256906881,3.224903099319418,2.523885892824792,0.14142135623726126,0.31622776601680197,0.14142135623726126,0.5385164807134672,7.72681,0.00013,0.0,28.571,28.571,14.286,28.571,0.0292,13.96288,10,5.453,9.33992,18.126999999999999,43.505000000000003,38.369,0.0,0,3,87.0,9,241,1.4891624102792589,16.029129497852455,1105.4692780497162,829.32741778634727,0.0,0.0,45.69288,33.33333,1,0,2.115,1.813,0.302,0.0,83.38368580060423,15.407854984894259,0.3021148036253776,0.9063444108761329,0.0,0.0
32988,1156,88,1156_88,654,8.2911830078827418,0.00022,8.2911830078827418,0.00022,7.613,8.29118,5422.43369,21.65664,21.65664,180.0,9,15,1.376,2.294,39.593256806860687,1.0006460477393748,0,1,4.434,5.352,77.980997545443756,85.236358309252267,89.999999999986969,111.80140948633385,111.80140948635632,115.01689347812233,115.01689347812233,115.01689347812879,116.56505117707799,119.74488129696628,1.5231546211728295,0.22360679774982645,2.23606797749979,0.09999999999990905,1.0770329614269345,1.170469991071995,1.170469991071995,1.1704699910720149,0.1000000000003638,0.14142135623726126,8.34051,5e-05,14.286,7.143,42.857,14.286,21.429,0.078,32.98259,19,3.811,9.9609,9.1739999999999995,47.554000000000002,43.271999999999998,12.5,-0.8170116796063572,4,118.5,60,256,9.4113804087754076,22.357430530940384,1145.8271994747179,1341.7560043916658,17.6875,4.2056509603151806,32.90441,36.02941,4,3,6.728,8.563,1.529,1.376,85.3211009174312,10.091743119266056,3.363914373088685,1.070336391437309,0.0,0.1529051987767584
32989,1156,89,1156_89,256,11.36273091537984,0.00431,11.36273091537984,0.00431,9.354,11.36273,2908.85911,19.94618,19.94618,180.0,5,6,1.953,2.344,43.35908833217124,1.579116161129007,0,1,5.078,5.469,68.629377730663762,68.629377730664288,79.939310204680069,95.194428907730014,95.194428907730014,95.194428907741752,95.194428907742278,105.25511870305529,180.0,180.0,0.2236067977500298,0.2236067977500298,1.1401754250991478,1.1045361017187405,1.1045361017187405,1.104536101718761,1.104536101718648,0.09999999999990905,0.1999999999998181,0.1999999999998181,11.55259,0.00052,40.0,40.0,0.0,0.0,20.0,2.78362,17.03742,11,9.47,13.39268,3.9060000000000001,50.0,46.094000000000001,0.0,0,1,202.0,202,202,12.894736523604852,12.894736523604852,0.0,2896.6399726046097,13.6875,3.6996621467371855,32.71889,36.86636,1,1,10.156,10.547,3.125,1.953,82.8125,12.109375,1.953125,1.953125,0.0,1.171875
32990,1156,9,1156_9,508,10.817061906972613,0.00039,10.817061906972613,0.00039,11.939,10.81706,5495.06745,24.38524,24.38524,175.236,6,7,1.181,1.378,65.768829181037006,0.94570111984091909,0,1,4.528,5.118,100.3048464687577,101.3099324740102,105.25511870306781,105.25511870306781,106.69924423400317,108.43494882279172,109.98310652188097,152.42986281767716,159.4439547804237,165.96375653204285,0.1000000000003638,0.2236067977497756,1.140175425099098,1.140175425099098,1.0440306508911072,1.118033988749895,1.1704699910719665,1.1180339887501594,0.8544003745319074,0.1000000000003638,10.92323,0.00069,54.545,9.091,0.0,0.0,36.364,0.08984,48.81187,13,4.444,13.26789,3.9369999999999998,48.228000000000002,47.835000000000001,9.0,-0.49167210243533255,5,71.599999999999994,11,234,2.9079863349662562,6.8529582903013093,1431.2132120924302,1088.3912622387995,16.850000000000001,4.1048751503547587,36.80387,36.80387,1,1,10.236,12.598,1.575,1.772,78.74015748031496,12.401574803149606,6.102362204724409,1.968503937007874,0.5905511811023622,0.1968503937007874
32991,1156,90,1156_90,1162,12.192731664033071,0.00012,12.192731664033071,0.00012,6.945,12.19273,14167.95419,21.51325,21.51325,180.0,19,28,1.635,2.41,47.391081143756267,0.71489010392531871,1,1,5.164,4.647,90.0,97.125016348911828,99.462322208029136,101.3099324739818,101.3099324739818,109.98310652190568,161.56505117705197,180.0,180.0,180.0,0.1999999999998181,1.140175425099098,2.433105012118944,1.0816653826389697,1.0816653826389697,0.09999999999990905,0.14142135623750243,0.22360679775018233,0.22360679775018233,0.22360679775018233,12.2752,1e-05,52.0,20.0,8.0,4.0,16.0,0.0028,39.59195,39,10.492,14.78761,14.630000000000001,41.479999999999997,43.890000000000001,12.0,-0.3846984970807446,4,229.75,8,391,3.9203250663350087,10.064808215571968,2222.8737691612914,3527.3548351626878,1471.7283950617284,38.363112426675293,36.05016,38.66249,4,1,8.176,8.176,2.41,2.754,86.144578313253,10.499139414802066,2.4096385542168677,0.5163511187607573,0.08605851979345955,0.3442340791738382
32992,1156,91,1156_91,938,15.406394334789036,0.00024,15.406394334789036,0.00024,5.067,15.40639,14451.19789,24.39775,24.39775,180.0,20,16,2.132,1.706,22.561766266225487,1.2198189600562022,1,1,7.143,7.889,34.875328344603716,35.409811586185334,39.748899710866667,39.785705377646408,45.000000000025956,45.666199970172038,47.869945136517224,65.820892853229623,116.56505117707799,153.43494882292202,3.6769552621701425,2.402082429892499,8.386298349093009,14.785127662620951,0.14142135623724494,2.3853720883753033,2.844292530665579,0.2236067977501569,0.10000000000013642,1.118033988749895,15.47124,0.00418,65.0,20.0,15.0,0.0,0.0,0.42092,37.99478,31,15.037,15.50385,1.0660000000000001,50.533000000000001,48.401000000000003,10.5,-0.467190129705214,2,464.0,170,758,12.774397308732512,22.024263706555679,4520.1490154396188,7223.5239094892086,0.0,0.0,36.37339,31.75966,4,2,11.727,11.087,3.518,4.371,89.55223880597015,9.701492537313433,0.42643923240938164,0.10660980810234541,0.10660980810234541,0.10660980810234541
32993,1156,92,1156_92,1566,12.166910502709596,0.0,12.166910502709596,0.0,7.623,12.16691,19053.38185,26.11379,26.11379,180.0,33,31,2.107,1.98,59.139092139616835,0.71002764551932185,0,2,3.831,4.47,116.56505117707799,116.56505117707799,123.69006752597311,125.53767779220325,153.43494882284384,171.86989764587003,172.50414236026799,180.0,180.0,180.0,1.118033988749895,1.118033988749895,1.081665382639222,1.2165525060600326,0.22360679775018233,0.31622776601698177,1.0630145812736318,0.09999999999990905,0.09999999999990905,0.09999999999990905,12.23375,8e-05,47.059,20.588,8.824,2.941,20.588,0.03175,68.45437,59,9.759,14.7439,10.856,45.658000000000001,43.487000000000002,13.0,-0.372515491654731,8,151.5,5,511,0.072401871019814143,16.681621998304237,3092.1909133414656,2370.7803021247537,385.24305555555549,19.627609522189793,36.40589,37.3354,5,2,7.28,8.621,1.852,1.916,84.61047254150702,11.366538952745849,2.362707535121328,1.0855683269476373,0.19157088122605365,0.3831417624521073
32994,1156,93,1156_93,206,11.320276111822583,0.00069,11.320276111822583,0.00069,11.83,11.32028,2331.97688,20.5273,20.5273,180.0,2,8,0.971,3.883,51.380572053069891,2.3943308133753582,1,1,5.825,6.311,73.300755766008763,73.300755766008763,73.300755766008777,78.690067525977284,89.999999999986969,90.0,90.0,95.946863053983577,96.581944655179441,115.01689347812879,1.044030650891042,1.044030650891042,1.044030650891042,0.509901951359283,1.118033988749895,1.1999999999999318,1.1999999999999318,0.4123105625617219,1.170469991071976,0.14142135623726126,11.5449,0.00093,50.0,25.0,0.0,0.0,25.0,2.15691,27.0499,10,9.925,13.15683,4.8540000000000001,41.747999999999998,53.398000000000003,7.0,-0.4539804960841533,1,150.0,150,150,8.9997324768240947,8.9997324768240947,0.0,2311.3002875592456,0.55999999999999994,0.74833147735478822,28.81356,38.41808,4,2,9.223,12.621,3.398,2.427,73.7864077669903,18.446601941747574,4.854368932038835,2.4271844660194173,0.0,0.4854368932038835
32995,1156,94,1156_94,367,4.4447579152180889,0.0,4.4447579152180889,0.0,11.641,4.44476,1631.22615,13.82932,13.82932,180.0,4,8,1.09,2.18,14.941102551945383,0.96256858491169361,0,1,6.812,7.357,90.0,90.0,94.763641690725848,94.763641690725848,95.194428907735883,95.194428907736409,95.194428907736409,106.07357416474554,166.32869286780476,180.0,3.5,3.5,1.204159457879246,1.204159457879246,1.1045361017187507,1.1045361017186375,1.1045361017186375,1.2041594578792176,1.2649110640673338,0.09999999999999432,4.49015,6e-05,0.0,0.0,37.5,0.0,62.5,0.07223,25.65026,10,3.21,5.99723,8.1739999999999995,49.863999999999997,41.962000000000003,13.5,-0.3100890538078839,4,56.75,30,87,3.6570752330687921,3.7255445721790954,133.7784063384012,392.03497611334859,20.77551020408163,4.558016038155376,35.05535,33.21033,3,2,10.354,11.444,2.725,2.997,73.02452316076294,20.708446866485012,3.2697547683923704,2.1798365122615806,0.2724795640326976,0.5449591280653951
32996,1156,95,1156_95,1582,9.565839140476772,0.0,9.565839140476772,0.0,7.036,9.56584,15133.15752,25.46095,25.46095,180.0,23,32,1.454,2.023,55.816769578977748,0.82270325305116665,0,0,5.247,6.7,113.19859051377398,114.44395478041638,135.00000000000205,161.56505117707658,161.56505117707871,175.23635830927245,179.99999879258175,180.0,180.0,180.0,0.14142135623750243,0.09999999999999432,1.1999999999999993,1.3000000000000043,0.6324555320336972,0.5385164807134515,0.1414213562373266,0.2236067977499726,0.2236067977499726,0.2236067977499726,9.62429,1e-05,20.0,31.429,14.286,0.0,34.286,0.00043,32.85758,55,6.88,12.84153,14.539,44.942999999999998,40.518000000000001,16.0,-0.3556210611899399,9,120.22222222222223,12,495,2.0418111209009724,23.845724392481323,2734.4277280215174,1670.8343873303488,613.91836734693879,24.777376119091763,30.84112,32.96517,2,1,8.913,10.24,2.718,2.212,87.54740834386853,8.723135271807838,2.2123893805309733,0.9481668773704172,0.18963337547408343,0.37926675094816686
32997,1156,96,1156_96,1286,13.862494596959289,0.0,13.862494596959289,0.0,6.098,13.86249,17827.16805,22.53198,22.53198,180.0,24,25,1.866,1.944,27.631733440409903,0.91023903639690085,1,2,7.154,7.154,105.25511870306661,113.19859051377398,116.56505117703486,135.0000000000029,138.36646066343948,153.43494882284384,175.2363583094787,175.27201218116238,177.84703721089681,179.99999914622637,0.09999999999990905,0.14142135623750243,1.2041594578788142,1.2727922061358499,0.09999999999999964,0.44721359550036466,0.538516480713045,1.1401754250991856,2.282542442102731,1.1704699910719933,13.92282,0.00011,46.429,46.429,0.0,0.0,7.143,0.19328,53.46312,40,12.287,14.72704,4.6660000000000004,47.122999999999998,48.212000000000003,18.5,-0.45066986523701363,2,585.0,267,903,6.553776926581798,11.584936547448999,4841.2687808382152,8893.4743021168324,38.888888888888886,6.2360956446232354,35.28926,37.10744,5,3,10.264,11.353,3.577,3.499,88.64696734059098,9.175738724727838,1.166407465007776,0.38880248833592534,0.2332814930015552,0.38880248833592534
32998,1156,97,1156_97,159,4.4295968291697854,0.00063,4.4295968291697854,0.00063,14.599,4.4296,704.3059,16.12079,16.12079,161.565,4,4,2.516,2.516,22.450244258053001,0.95231168067514016,0,0,3.774,5.66,61.699244233991706,73.300755766007285,74.744881296941685,78.69006752598041,90.0,100.30484646876548,105.25511870305785,111.80140948635184,116.56505117707677,161.5650511770784,1.0440306508910502,0.10000000000002274,0.0999999999999659,1.0198039027185546,0.09999999999999964,0.0999999999999659,1.1401754250991325,0.10000000000000053,1.2000000000000028,0.09999999999999432,4.57826,0.00075,0.0,0.0,0.0,66.667,33.333,8.72061,29.46094,5,2.026,6.09544,0.0,53.459000000000003,46.540999999999997,13.0,-0.4668979081937321,3,26.666666666666668,11,35,3.1624213025336796,17.323379192803745,115.5541007203925,225.02933912983016,4.5599999999999996,2.1354156504062622,22.6087,29.56522,0,0,8.176,8.805,0.629,0.0,70.44025157232704,20.754716981132077,4.40251572327044,3.1446540880503147,1.2578616352201257,0.0
32999,1156,98,1156_98,1220,7.2928515170165857,0.00018,7.2928515170165857,0.00018,11.176,7.29285,8897.27885,19.54329,19.54329,180.0,17,24,1.393,1.967,45.306997078617741,0.81522019377328392,0,1,2.951,3.934,161.56505117704867,161.56505117704867,161.56505117707962,163.73979529169011,171.86989764584726,180.0,180.0,180.0,180.0,180.0,0.14142135623722107,0.14142135623722107,0.14142135623732158,1.118033988749895,0.7071067811865878,0.09999999999990905,0.09999999999990905,0.09999999999990905,0.09999999999990905,0.09999999999990905,7.29621,0.00021,14.815,18.519,22.222,0.0,44.444,0.00202,30.50754,47,6.377,10.47179,13.933999999999999,43.360999999999997,42.704999999999998,10.67,-0.41214440712585243,7,103.28571428571429,5,257,0.032168863276613793,10.145892585095741,1323.3953710522478,1253.1808580680304,185.07248520710061,13.604134856987438,35.53719,38.01653,3,2,5.0,8.033,1.721,1.475,76.47540983606558,16.229508196721312,4.508196721311475,1.721311475409836,0.4918032786885246,0.5737704918032787
33000,1156,99,1156_99,1029,10.135213924113664,0.00103,10.135213924113664,0.00103,8.185,10.13521,10429.13513,27.82104,27.82104,180.0,21,20,2.041,1.944,63.708886720227078,0.79426792422979098,0,1,2.235,3.013,100.00797980144138,101.30993247409204,114.51964268819087,116.56505117707799,149.03624346792611,153.43494882292202,153.43494882292202,171.86989764584447,180.0,180.0,1.7262676501632244,1.081665382639222,0.5000000000000071,1.118033988749895,0.09999999999999432,0.22360679774996625,0.22360679774996625,0.31622776601684915,0.14142135623718088,0.14142135623718088,10.16692,3e-05,45.455,4.545,18.182,0.0,31.818,0.02602,71.51984,42,8.944,13.4751,18.465,43.731999999999999,37.804000000000002,20.0,-0.1836071284686184,6,116.83333333333333,8,290,0.25064964228486092,17.043868676623102,2147.1482946074657,1723.799776415882,182.69135802469134,13.516336708764374,39.84476,38.29237,3,1,4.762,5.442,1.263,1.166,82.6044703595724,12.633624878522838,3.498542274052478,0.5830903790087464,0.2915451895043732,0.38872691933916426
