id,driver,trip,driver_trip,duration,avg_speed,avg_acc,avg_corrected_speed,avg_corrected_acc,avg_angle_change,avg_distance,total_distance,fastest_speed,longest_distance,max_angle_change,times_speed_up,times_speed_down,per_speed_up,per_speed_down,var_corrected_instant_speed,var_corrected_instant_acc,highway,num_of_acc_4,hard_acc2,hard_brak2,angle1,angle2,angle3,angle4,angle5,angle6,angle7,angle8,angle9,angle10,speed1,speed2,speed3,speed4,speed5,speed6,speed7,speed8,speed9,speed10,speed_fill,acc_fill,per_of_speed_15,per_of_speed_11_15,per_of_speed_7_11,per_of_speed_5_7,per_of_speed_5,min_var,max_var,time_of_turning,avg_speed_turning,avg_speed_excluding_stop,10s_constant,10s_acceleration,10s_deceleration,time_taken_stop,max_dec,num_stop,avg_num_period,min_period,max_period,var_min_p,var_max_p,sd_distance,avg_dist_traveled,var_dur_stop,std_dur_stop,pro_acc_below1,pro_dec_below1,num_of_acc_3,num_of_acc_35,hard_acc15,hard_brak15,hard_acc25,hard_brak25,per_straight,per_10_45,per_45_90,per_90_120,per_120_170,per_back
364801,2742,1,2742_1,946,7.1728267973932418,0.00011,7.1728267973932418,0.00011,5.83,7.17283,6785.49415,23.06729,23.06729,180.0,12,15,1.268,1.586,43.898166728254893,1.3985576870879279,0,2,5.92,7.611,84.805571092264003,84.805571092268664,84.805571092268664,90.0,90.0,95.194428907733069,95.194428907733069,172.87498365110471,174.8055710922651,180.0,1.1045361017187225,1.1045361017190853,1.1045361017190853,1.0999999999999943,1.0999999999999943,1.1045361017187174,1.1045361017187174,0.30000000000001137,1.099999999999909,0.10000000000002274,7.15438,0.00025,4.762,28.571,23.81,0.0,42.857,0.00081,48.17302,29,5.974,10.75794,26.427,38.689,34.884,12.5,-0.09705268783532928,5,113.2,28,203,5.9563576650641012,12.390958026347645,732.76383609991615,1340.2705078802107,4879.5,69.853417955029229,29.20635,29.04762,4,2,8.457,11.416,2.96,2.643,88.05496828752642,9.090909090909092,2.0084566596194504,0.42283298097251587,0.0,0.42283298097251587
364802,2742,10,2742_10,772,9.2440000075789222,0.00013,9.2440000075789222,0.00013,8.208,9.244,7136.36801,23.20539,23.20539,180.0,18,15,2.332,1.943,47.12321774589126,1.1106083137580276,0,1,10.622,9.456,90.0,90.0,90.0,95.194428907736409,104.03624346792935,123.69006752598011,180.0,180.0,180.0,180.0,0.19999999999998863,0.19999999999998863,0.19999999999998863,1.1045361017186375,0.41231056256177706,0.10000000000002274,0.09999999999999432,0.09999999999999432,0.09999999999999432,0.09999999999999432,9.36156,0.00098,11.765,23.529,35.294,5.882,23.529,0.73249,75.61815,20,4.912,10.79286,9.0670000000000002,48.834000000000003,42.097999999999999,5.33,-0.6673909622147561,7,85.571428571428569,25,143,2.5361018939755464,24.728294186153406,714.41524709639828,1010.6261934834813,154.57142857142858,12.432675841162617,28.18182,23.78788,4,2,12.694,12.435,4.534,3.368,81.0880829015544,14.766839378238341,2.7202072538860103,0.6476683937823834,0.12953367875647667,0.6476683937823834
364803,2742,100,2742_100,423,8.5042188422720333,0.0,8.5042188422720333,0.0,8.856,8.50422,3597.28457,23.90523,23.90523,180.0,8,9,1.891,2.128,55.090342260995918,1.7710541495909318,0,2,6.383,7.329,72.030860259850286,72.783926412209894,79.992020198535386,82.874983651078168,90.0,90.000000000018389,94.398705355009525,97.125016348856207,104.0362434679316,180.0,0.9433981132057182,2.2803508501981065,1.220655561573266,1.081665382639285,0.10000000000002274,0.3605551275462602,1.1661903789690717,0.14142135623726126,1.2369316876851382,0.14142135623722107,8.62934,0.00011,22.222,11.111,22.222,22.222,22.222,0.26209,52.01039,20,5.545,10.91134,11.82,45.390000000000001,42.789999999999999,11.0,-0.5413140271180491,4,72.75,7,168,0.48394103900137109,30.1776115147463,774.15183933490482,886.29621392675961,201.22222222222226,14.185281887302143,28.57143,27.05167,4,3,9.929,10.402,2.6,1.891,82.26950354609929,12.293144208037825,3.7825059101654848,1.1820330969267139,0.0,0.4728132387706856
364804,2742,101,2742_101,487,6.1728107603973834,0.00144,6.1728107603973834,0.00144,24.252,6.17281,3006.15884,28.36565,28.36565,180.0,9,8,1.848,1.643,35.222197870737048,3.1991889467085306,0,6,9.446,9.446,166.75948008481984,168.6900675259773,168.6900675259773,171.02737338511241,171.86989764584379,174.2894068625007,180.0,180.0,180.0,180.0,1.104536101718864,0.509901951359283,0.509901951359283,0.6082762530299556,0.20000000000004547,1.0049875621120885,0.2999999999999545,0.2999999999999545,0.2999999999999545,0.2999999999999545,6.17989,0.00126,10.0,10.0,20.0,0.0,60.0,2.44178,24.2226,15,3.468,6.63119,2.0529999999999999,50.308,47.639000000000003,12.0,-0.3370963964642512,9,33.333333333333336,5,126,0.41213324671906315,21.400628990109144,530.89690161251372,311.32025379737468,0.47222222222222227,0.68718427093627676,35.39823,31.41593,6,6,14.168,14.784,6.16,5.544,62.62833675564682,18.275154004106778,9.44558521560575,5.338809034907597,2.6694045174537986,1.6427104722792607
364805,2742,102,2742_102,299,10.882938666382067,-0.0,10.882938666382067,-0.0,4.697,10.88294,3253.99866,26.38655,26.38655,73.708,7,8,2.341,2.676,53.709706184435014,2.5964459538114406,0,2,8.027,8.696,23.890218857108582,26.547259299113062,26.56505117705845,33.553540907059372,34.274698046686687,39.18751761688722,40.44037475450375,40.976051454143352,42.893518630530302,53.343891584039021,1.486606874731829,6.762396025078745,0.10000000000002274,2.6683328128251707,3.832753579347349,2.7784887978899873,8.139410298049759,3.3615472627942427,4.614108798023708,1.4422205101857108,11.00105,-0.0,16.667,50.0,16.667,0.0,16.667,3.66463,47.97477,9,9.148,13.55342,10.032999999999999,47.826000000000001,42.140000000000001,15.0,-0.8944271909999107,2,117.0,39,195,18.078882995810506,23.322497187225427,1277.141885571426,1623.2372611016003,30.888888888888889,5.5577773335110221,25.83333,26.25,2,2,14.047,12.375,4.013,4.013,87.95986622073579,11.37123745819398,0.6688963210702341,0.0,0.0,0.0
364806,2742,103,2742_103,958,11.046725258139496,-0.0,11.046725258139496,-0.0,7.421,11.04673,10582.7628,26.38939,26.38939,180.0,22,21,2.296,2.192,45.09446441147518,0.83197988592448358,0,2,3.34,3.445,90.00000000001954,93.36646066342324,100.30484646880278,105.25511870302259,105.2551187030663,106.2602047082364,110.85445803958274,124.69515353127595,132.77603875960475,161.56505117709915,0.22360679774981373,0.3162277660170087,0.1000000000003638,0.0999999999994543,1.1401754250992078,1.1180339887498567,2.2472205054244827,0.14142135623726126,1.1180339887498847,0.22360679775062722,11.12539,2e-05,19.048,47.619,14.286,0.0,19.048,0.02464,37.38627,27,7.024,12.56963,8.3510000000000009,49.686999999999998,41.962000000000003,10.67,-0.538074207397878,5,161.19999999999999,5,428,0.13800838895030582,28.847909059480848,2279.9714598147852,2106.1951461333747,93.734375,9.6816514603656341,40.07134,33.17479,2,2,7.203,6.681,1.148,1.253,84.44676409185804,11.899791231732777,2.5052192066805845,0.7306889352818372,0.31315240083507306,0.10438413361169102
364807,2742,104,2742_104,233,11.678009296971043,0.0602,11.678009296971043,0.0602,3.833,11.67801,2720.97617,17.18197,17.18197,82.569,4,2,1.717,0.858,12.635944353420109,1.6903508249458838,0,1,11.588,10.3,14.815766356097395,15.437906242637963,15.722374895608317,15.98590908456325,17.259313318261199,21.271608924047587,27.76589658760491,28.590777773833143,36.69080586707603,45.892871472919246,6.963476143421651,9.158602513484187,9.507891459203725,12.553883861180163,9.501578816175778,4.0496913462633,6.736467917239762,6.802940540677934,6.1522353661088625,6.711929677819851,11.5141,0.07093,0.0,40.0,60.0,0.0,0.0,1.2407,22.32806,8,9.676,11.67801,0.0,55.793999999999997,44.206000000000003,0.0,0,1,54.0,54,54,10.110547071580335,10.110547071580335,0.0,713.82125545494364,0,0,35.62232,24.46352,1,1,15.88,16.309,4.721,3.863,90.98712446351931,8.15450643776824,0.8583690987124464,0.0,0.0,0.0
364808,2742,105,2742_105,354,8.1498898329049343,0.0,8.1498898329049343,0.0,6.577,8.14989,2885.061,18.73233,18.73233,90.0,8,7,2.26,1.977,29.180736389478891,0.96350250816094696,0,0,5.932,5.367,34.592288687532438,34.96074521284752,34.964145824930476,36.581337122200402,37.481573120557613,54.090276920850947,65.059925180446768,69.690633580681677,85.601294645028133,86.185925165731803,0.9219544457295277,1.8439088914585744,3.6055512754639953,4.8083261120685465,1.6278820596099786,0.28284271247450243,5.61426753904728,4.54532727094539,1.1313708498986026,0.14142135623725122,8.33698,0.00042,14.286,0.0,42.857,42.857,0.0,1.48075,33.01754,17,7.239,9.80193,8.4749999999999996,49.152999999999999,42.372999999999998,14.0,-0.7138660748903145,5,55.799999999999997,10,100,0.89623184567867598,12.929595186006487,449.11449769843392,572.46080951783358,338.66666666666669,18.402898322456348,35.37415,31.63265,0,0,11.017,11.864,2.542,2.825,80.7909604519774,17.51412429378531,1.4124293785310735,0.2824858757062147,0.0,0.0
364809,2742,106,2742_106,940,10.439193625196392,0.00339,10.439193625196392,0.00339,8.292,10.43919,9812.84201,28.245,28.245,180.0,31,27,3.298,2.872,52.829193902467537,1.0128763519945851,0,1,2.872,4.574,84.805571092266533,129.80557109219581,130.60129464501227,130.60129464501227,143.13010235415612,149.03624346805609,161.56505117707471,169.69515353123265,180.0,180.0,1.1045361017186324,1.1045361017186992,1.3038404810405417,1.3038404810405417,1.1180339887498885,1.236931687685166,0.3162277660168559,0.7071067811865395,0.0999999999999659,0.0999999999999659,10.5061,0.00687,20.0,25.0,25.0,5.0,25.0,0.0752,74.0383,30,7.648,11.39175,4.2549999999999999,51.383000000000003,44.362000000000002,13.5,-0.9542498939857559,10,71.0,5,316,0.22137193035319203,30.354179714033577,1553.1379056208336,934.86768305927342,26.805555555555557,5.1774081890030228,36.46922,33.68177,3,2,6.064,7.66,1.809,1.702,83.29787234042553,12.659574468085106,2.978723404255319,0.0,0.7446808510638298,0.3191489361702128
364810,2742,107,2742_107,1316,4.7594994542317801,0.0,4.7594994542317801,0.0,3.455,4.7595,6263.50128,25.84434,25.84434,180.0,12,8,0.912,0.608,38.403183182249464,0.98033283131345628,0,2,4.103,5.395,79.695153531236443,79.695153531237878,83.990994042509186,87.363253911845476,100.30484646876356,100.30484646876525,100.3048464687663,108.54276962022894,119.74488129705233,161.56505117705686,0.19999999999998863,1.1180339887502508,0.3162277660168559,25.844341740504866,0.20000000000001705,1.118033988749915,0.09999999999999432,10.793516572461414,1.140175425099492,0.14142135623756272,4.7412,0.00011,3.448,20.69,13.793,0.0,62.069,0.00062,32.45285,35,4.136,10.57666,42.552999999999997,33.738999999999997,23.707999999999998,8.33,-0.2946363477953315,6,88.666666666666671,6,303,0.041836789398472109,11.69159105633587,1196.9978522955146,1030.3141777612532,988.34349030470912,31.437930757362341,35.7022,28.08799,2,2,6.611,6.991,1.748,1.444,92.32522796352583,6.003039513677812,1.1398176291793314,0.3799392097264438,0.07598784194528875,0.07598784194528875
364811,2742,108,2742_108,1335,10.425318822716884,0.0,10.425318822716884,0.0,7.827,10.42532,13917.80063,26.7479,26.7479,180.0,33,30,2.472,2.247,59.249424073918576,1.3293926754471102,0,1,6.891,8.614,115.01689347812285,116.56505117707799,116.56505117707799,133.31531568212458,145.00797980144836,145.40771131247271,153.43494882292202,160.34617594194199,168.69006752613012,180.0,0.14142135623782398,1.118033988749895,1.118033988749895,1.0816653826389697,1.220655561573266,1.7088007490639745,0.2236067977497756,0.1999999999998181,0.14142135623750243,0.2236067977497756,10.44201,1e-05,27.586,17.241,20.69,6.897,27.586,0.28048,41.72477,46,7.331,11.9099,6.742,49.588000000000001,43.670000000000002,11.67,-0.43454915028115365,11,95.090909090909093,8,436,1.245458144985893,27.628977268474564,2050.5505169725002,1253.9421331472479,157.90972222222223,12.566213519681346,33.73288,29.62329,4,2,10.037,11.685,3.371,3.296,85.3932584269663,10.411985018726591,2.097378277153558,1.4981273408239701,0.449438202247191,0.149812734082397
364812,2742,109,2742_109,1660,4.4897596320292257,0.0,4.4897596320292257,0.0,7.436,4.48976,7453.00099,18.38478,18.38478,180.0,25,28,1.506,1.687,26.60888374780561,0.62170917948668503,0,1,3.494,4.94,102.52880770915145,104.0362434679581,106.38954033403189,124.82448915696095,124.99202019855878,149.03624346792554,161.56505117707704,171.86989764584575,173.65980825409449,179.99999879258175,0.22360679774997858,1.1661903789690717,1.252996408614098,0.2236067977500298,1.2206555615733719,0.10000000000002274,0.09999999999999432,0.2236067977500171,0.28284271247466325,0.14142135623732158,4.50331,1e-05,2.778,2.778,25.0,13.889,55.556,0.00085,41.83659,62,3.842,7.67602,27.710999999999999,40.542000000000002,31.747,8.83,-0.5067880734527009,20,41.700000000000003,11,115,2.2304008252495242,7.7333918650427629,407.12645624244516,363.94973258338172,743.77407847800237,27.2722217371083,34.60744,31.19835,5,1,6.145,7.771,1.145,1.928,82.46987951807229,13.25301204819277,3.072289156626506,0.7228915662650602,0.24096385542168675,0.24096385542168675
364813,2742,11,2742_11,252,9.5286950583552201,0.01656,9.5286950583552201,0.01656,8.628,9.5287,2401.23115,22.34323,22.34323,93.366,7,7,2.778,2.778,33.453375246781583,2.006137885202175,0,1,5.556,7.54,30.621410107221315,35.339384083236716,36.506312175075173,38.420236628543641,44.793900962616085,53.426969021478612,58.608568009823706,63.55676815639702,66.801409486349954,90.000000000000909,6.536818798161749,6.8680419334771114,4.780167361086749,7.912016177941062,4.527692569068666,1.2206555615733636,3.4713109915419436,6.688796603276296,0.31622776601684693,0.2828427124746029,9.62875,0.02099,20.0,0.0,80.0,0.0,0.0,3.81914,41.25575,10,7.621,9.5287,0.0,50.396999999999998,49.603000000000002,4.0,-0.5313690508209652,2,78.5,31,126,25.24881051254636,28.600681459873098,592.01287434720575,968.47967646585607,0,0,26.5873,28.96825,2,1,10.317,11.111,4.365,3.968,73.01587301587301,24.603174603174605,1.5873015873015872,0.7936507936507936,0.0,0.0
364814,2742,110,2742_110,1277,10.925920795814887,-0.0,10.925920795814887,-0.0,5.584,10.92592,13952.40086,31.55202,31.55202,162.108,33,33,2.584,2.584,49.101960323485791,0.85793227615287204,0,3,4.229,4.385,66.801409486349698,66.801409486351744,71.565051177134109,78.69006752540524,78.690067525871555,80.238225224870391,82.874983651124921,97.125016348897788,97.125016348933869,101.30993247406032,1.0770329614269003,0.14142135623730145,0.3605551275464494,0.14142135623653776,0.22360679774957223,0.8062257748291781,0.6708203932503437,1.1401754250987393,1.1401754250981808,0.14142135623782398,10.99404,0.0001,25.0,35.714,14.286,3.571,21.429,0.00202,70.88758,24,6.04,12.6098,8.6140000000000008,49.334000000000003,42.052,11.0,-0.652428006105898,7,149.85714285714286,8,565,0.10132116092844808,26.58974586674173,2842.5969825460793,1983.5384447612139,254.44444444444446,15.951314818673865,40.41591,34.35805,8,4,7.439,7.204,2.428,2.349,87.15740015661707,10.96319498825372,1.5661707126076743,0.23492560689115113,0.07830853563038372,0.0
364815,2742,111,2742_111,337,5.7320562856628676,0.00042,5.7320562856628676,0.00042,13.202,5.73206,1931.70297,15.42887,15.42887,180.0,2,7,0.593,2.077,24.573263675678277,0.99820168199063208,0,1,4.154,7.715,90.0,90.000000000008143,94.398705355016574,100.00797980140922,100.00797980149063,108.43494882295457,116.56505117705845,120.96375653207352,171.86989764582125,180.0,0.09999999999999964,0.2828427124746833,0.22360679774993925,1.2206555615733636,0.14142135623738186,1.118033988749895,0.09999999999990905,1.16619037896906,0.31622776601681996,0.09999999999999964,5.78338,0.00052,0.0,0.0,28.571,57.143,14.286,0.08582,37.85849,15,3.528,7.54906,5.9349999999999996,48.368000000000002,45.697000000000003,0.0,0,3,68.0,48,86,17.55739286054521,2.7462305260195312,96.110637776917386,628.71486024185913,19.346938775510203,4.3985155195259003,32.94118,35.29412,2,1,7.715,12.463,2.077,2.671,76.26112759643917,13.353115727002967,6.528189910979228,2.6706231454005933,0.29673590504451036,0.8902077151335311
364816,2742,112,2742_112,355,13.224874581257671,0.0,8.5036905961424978,0.0,6.38,13.22487,4694.83048,21.81788,1685.28584,180.0,7,8,1.972,2.254,35.969161738035432,1.0949919205656282,0,1,6.479,9.014,28.984560393734736,29.985868612085621,35.17648946300924,35.537677791974552,47.813712946128632,61.389540334033022,70.016893478104549,74.744881296940463,160.55996517183698,180.0,3.3541019662494205,10.565036677645672,5.544366510251645,1.7204650534085184,9.265527507918952,0.20000000000000284,1.170469991072316,0.39999999999997726,0.8062257748298409,0.20000000000000284,8.65321,0.00032,14.286,14.286,57.143,0.0,14.286,2.99328,17.47663,12,6.835,10.3336,14.085000000000001,46.761000000000003,39.155000000000001,9.0,-0.4519349550500027,2,134.0,97,171,11.59384252159661,22.758948325891687,1334.6345186507906,2330.7571344538342,148.66666666666666,12.192894105447921,32.87671,29.79452,1,1,10.141,11.268,2.535,3.099,85.07042253521126,12.95774647887324,1.1267605633802817,0.0,0.28169014084507044,0.5633802816901409
364817,2742,113,2742_113,412,7.2021134259085011,0.0,7.2021134259085011,0.0,9.061,7.20211,2967.27073,17.84433,17.84433,180.0,12,8,2.913,1.942,29.471989384814538,0.67728721223342403,0,1,3.883,4.369,63.434948822925278,65.224859431174423,73.61045966596771,90.0,90.0,97.125016348967947,153.43494882294809,161.565051177052,161.56505117711711,180.0,1.2649110640674237,1.3416407864996704,0.2828427124746833,0.09999999999990905,0.09999999999990905,0.14142135623734164,0.22360679774997896,0.14142135623718088,0.14142135623734164,0.14142135623732158,7.29974,2e-05,11.111,11.111,33.333,11.111,33.333,1.53244,11.79294,15,5.145,9.35393,12.135999999999999,50.243000000000002,37.621000000000002,11.0,-0.3864602606318522,4,74.75,10,178,1.0986765846908575,12.994697154957779,799.87900368059297,734.3521681418332,56.775510204081627,7.5349525681374816,41.4557,32.59494,1,1,5.825,6.068,1.942,1.456,77.42718446601941,19.41747572815534,1.2135922330097086,0.7281553398058253,0.7281553398058253,0.4854368932038835
364818,2742,114,2742_114,714,3.2376327737549953,0.0002,3.2376327737549953,0.0002,15.818,3.23763,2311.6698,14.43122,14.43122,180.0,11,9,1.541,1.261,13.738588364044229,0.61179643682286611,0,1,5.042,5.042,116.56505117708328,120.96375653208018,138.81407483429697,142.12501634890128,145.0079798014394,161.5650511770848,171.86989764583859,173.65980825408585,174.80557109225902,180.0,0.2236067977499885,1.236931687685342,1.5033296378372907,0.0999999999999659,1.7262676501631957,0.28284271247461046,0.5000000000000071,0.14142135623732532,0.1414213562373266,1.063014581273428,3.25244,0.00011,0.0,0.0,20.0,6.667,73.333,0.05471,10.10335,29,2.491,4.94663,18.207000000000001,43.697000000000003,38.094999999999999,15.0,-0.15161688110026147,6,51.333333333333336,8,229,0.19852380312915918,7.2157135748378822,630.05827599203349,352.88594410624705,175.18222222222221,13.235642115976928,38.39479,30.15184,1,1,9.244,9.944,2.101,2.381,67.6470588235294,18.627450980392158,10.784313725490197,1.5406162464985995,0.7002801120448179,0.7002801120448179
364819,2742,115,2742_115,415,8.6569984386054735,0.00749,8.6569984386054735,0.00749,7.343,8.657,3592.65435,15.16344,15.16344,131.634,8,8,1.928,1.928,14.040859961693268,1.383819059752494,0,1,6.988,6.024,38.990994042505925,39.575282497688164,42.544477432055636,43.519702420147468,44.999999999995921,45.000000000002025,45.000000000002025,56.020318531946295,66.801409486350053,68.428692808745993,4.899999999999977,7.021395872616708,6.082762530298316,3.2572994949804674,0.09999999999999432,0.10000000000000853,0.10000000000000853,5.096076922496225,1.077032961426903,4.62385120867869,8.67281,0.01332,0.0,11.111,77.778,0.0,11.111,1.5511,21.01957,13,7.313,9.13208,0.0,51.807000000000002,48.192999999999998,18.0,-0.7361150691673203,2,102.0,10,194,9.0078222521161582,6.0560502285402071,767.76198665195261,872.55138389608396,25.0,5.0,36.64122,34.09669,3,2,10.602,11.084,3.855,3.133,79.75903614457832,18.795180722891565,1.2048192771084338,0.0,0.24096385542168675,0.0
364820,2742,116,2742_116,292,6.6851755474451533,0.00175,6.6851755474451533,0.00175,16.281,6.68518,1952.07126,20.64655,20.64655,180.0,6,5,2.055,1.712,40.429421050526315,1.1823353883696062,0,1,7.534,9.589,118.07248693586574,124.69515353119829,124.695153531204,148.17255342330029,153.43494882294809,159.55045238920093,161.56505117705191,161.56505117705191,180.0,180.0,1.2369316876853313,1.1180339887498134,0.14142135623726126,1.5264337522473121,0.22360679774997896,1.104536101718648,0.09999999999990905,0.09999999999990905,0.09999999999990905,0.09999999999990905,6.79868,0.00083,16.667,16.667,16.667,16.667,33.333,0.09087,14.41793,8,2.988,8.9337,6.8490000000000002,50.0,43.151000000000003,15.0,-1.0013368374884741,2,83.0,26,140,6.3769851519662053,16.544234443733906,751.82121314943277,953.41044410503412,37.25,6.103277807866851,28.1106,25.34562,1,1,12.671,15.068,4.11,3.767,72.94520547945206,15.41095890410959,5.821917808219178,2.3972602739726026,2.3972602739726026,1.0273972602739727
364821,2742,117,2742_117,916,13.069874099751846,0.0,13.069874099751846,0.0,5.665,13.06987,11972.00468,31.64712,31.64712,101.441,26,20,2.838,2.183,64.12731023060968,0.93914866943052433,0,0,4.258,5.568,75.963756532072878,79.695153531233061,79.695153531233771,79.695153531233913,79.695153531234752,84.957548930802204,85.236358309255863,85.683972480134372,90.0,90.0,1.2369316876852898,0.09999999999999432,2.2360679774997796,0.20000000000001705,1.118033988749915,0.3162277660161189,1.2041594578790784,2.3769728648009423,0.19999999999998863,0.19999999999998863,13.2104,0.0,40.0,30.0,5.0,10.0,15.0,0.11262,67.05252,26,8.562,14.09821,6.5499999999999998,49.563000000000002,43.886000000000003,9.0,-0.5229439756092822,6,129.16666666666666,5,571,0.3245207548209762,30.073414204264019,3433.8873539531551,1981.7781929734429,47.439999999999998,6.8876701430890259,37.22026,34.86455,5,0,8.843,9.934,1.856,2.293,89.08296943231441,8.406113537117903,2.183406113537118,0.32751091703056767,0.0,0.0
364822,2742,118,2742_118,238,5.2223544239082553,-0.0,5.2223544239082553,-0.0,17.393,5.22235,1242.92035,24.03768,24.03768,180.0,4,5,1.681,2.101,41.41629998537158,1.8911908530645571,0,1,3.361,5.882,90.0,90.0,90.0,93.366460663435305,93.366460663435305,93.814074834294871,93.814074834295766,97.125016348911757,101.3099324740198,101.30993247403127,0.10000000000002274,0.10000000000002274,0.10000000000002274,1.2041594578792105,1.2041594578792105,1.0630145812734302,0.14142135623732408,0.14142135623732408,1.0816653826391747,0.14142135623732158,5.13149,0.00015,20.0,0.0,20.0,0.0,60.0,0.0907,34.93847,9,4.316,7.8705,12.605,45.798000000000002,41.597000000000001,9.0,-0.38873541604689776,3,40.333333333333336,6,63,2.2982079896011451,6.6868447071708559,295.62839174697666,400.69878723078892,15.609375,3.9508701573197769,34.3949,27.38854,2,1,9.244,12.605,1.681,2.521,63.445378151260506,20.168067226890756,11.344537815126051,4.621848739495798,0.0,0.42016806722689076
364823,2742,119,2742_119,283,5.0491674833898239,0.00403,5.0491674833898239,0.00403,14.885,5.04917,1428.9144,21.37124,21.37124,180.0,1,5,0.353,1.767,51.920042000297251,1.1495872167802592,0,1,2.473,3.18,81.869897645844731,85.426078740104956,90.0,90.0,90.0,90.0,108.43494882292609,161.56505117707636,179.99999879258175,180.0,0.316227766016793,0.4123105625618529,0.20000000000004547,0.20000000000004547,0.20000000000004547,0.20000000000004547,1.2649110640673698,0.20000000000004547,0.14142135623740196,0.2236067977500171,4.97857,0.00025,16.667,16.667,0.0,0.0,66.667,0.0568,11.27109,6,1.41,12.44247,31.802,34.276000000000003,33.921999999999997,11.0,-0.8562457778212079,1,94.0,94,94,14.557034962782014,14.557034962782014,0.0,1388.580598693809,113.88429752066116,10.671658611512138,36.28319,34.51327,1,1,3.534,7.774,0.707,0.353,72.43816254416961,12.014134275618375,12.36749116607774,1.7667844522968197,0.35335689045936397,1.0600706713780919
364824,2742,12,2742_12,494,12.402773972152207,0.0002,12.402773972152207,0.0002,6.491,12.40277,6126.97034,25.94706,25.94706,180.0,10,10,2.024,2.024,57.241602654003302,0.80298974738332152,0,0,6.883,6.275,71.565051177064959,74.396052854940791,74.744881296935205,81.0850730428578,84.80557109226946,84.80557109227,90.0,90.0,90.0,180.0,1.099999999999909,2.1400934559032225,1.1401754250993175,0.905538513813822,1.1045361017186273,0.09999999999990905,1.2000000000000455,1.2000000000000455,1.2000000000000455,0.09999999999990905,12.63084,9e-05,30.0,40.0,20.0,0.0,10.0,0.52999,27.71616,12,7.817,13.85041,4.0490000000000004,51.012,44.939,0.0,0,3,140.0,15,315,0.35241748955870922,30.678495926541441,2200.4612073250842,2033.4621665186444,84.5,9.1923881554251174,39.59276,33.48416,2,0,8.704,9.109,2.227,2.024,88.66396761133603,7.489878542510121,2.834008097165992,0.6072874493927125,0.0,0.4048582995951417
364825,2742,120,2742_120,736,4.9154412133160568,-0.0,4.9154412133160568,-0.0,7.297,4.91544,3617.76473,23.33795,23.33795,180.0,12,13,1.63,1.766,32.895733874086147,1.5945873706681133,0,3,4.755,5.707,92.526116911622239,93.366460663495388,97.12501634893988,100.00797980143786,111.7744383070264,116.56505117710049,138.36646066343027,161.56505117707678,179.99999879258175,180.0,1.8110770276274997,0.14142135623734164,0.14142135623742205,1.2206555615733312,1.5033296378372885,0.1414213562372462,1.2041594578793429,0.1414213562373266,0.2828427124745728,0.09999999999990905,4.86345,0.00016,6.25,0.0,31.25,6.25,56.25,0.00119,26.75633,33,4.608,8.71665,28.533000000000001,40.761000000000003,30.707000000000001,7.0,-0.2943188843281826,7,52.428571428571431,5,122,0.35755018697100399,31.501220949103597,532.10395013128561,508.94554163457457,829.30555555555566,28.797665800469936,31.64251,24.87923,5,5,6.793,8.288,2.582,1.902,84.64673913043478,11.277173913043478,2.0380434782608696,1.358695652173913,0.2717391304347826,0.4076086956521739
364826,2742,121,2742_121,664,7.4593357764451973,-0.0,7.4593357764451973,-0.0,7.548,7.45934,4952.99896,22.90546,22.90546,180.0,19,13,2.861,1.958,40.26546338870255,0.77439141550570656,0,0,3.464,5.723,82.874983651095761,86.185925165708284,86.185925165737586,89.999999999999375,98.426969021479422,106.55707137565794,108.43494882289596,124.99202019855825,127.87498365109882,179.99999879258175,1.1401754250991298,1.0630145812734766,0.14142135623726126,1.1313708498984847,0.22360679774996783,0.31622776601687386,1.1313708498984116,1.2206555615733636,0.09999999999999432,0.14142135623730953,7.56472,0.00017,14.286,14.286,21.429,14.286,35.714,1.21664,41.17317,25,4.724,9.62324,9.0359999999999996,50.904000000000003,40.060000000000002,11.6,-0.2691707583813746,8,53.25,10,171,0.63811018050339752,19.253723696451917,792.48229328309708,607.43296116055421,37.204081632653065,6.0995148686311982,36.57588,31.51751,4,3,5.271,9.187,1.506,1.355,82.83132530120481,13.55421686746988,2.5602409638554215,0.45180722891566266,0.30120481927710846,0.30120481927710846
364827,2742,122,2742_122,1327,8.3555162370222646,0.0,8.3555162370222646,0.0,8.592,8.35552,11087.77005,30.20348,30.20348,180.0,29,26,2.185,1.959,56.756961072992944,0.97056572549386222,0,2,4.974,6.179,124.99202019855169,127.87498365109826,127.87498365112424,142.12501634890174,154.98310652187661,161.56505117708448,163.49563861820914,168.69006752610005,169.77783136636575,177.27368900609073,1.220655561573266,0.10000000000000142,1.1401754250996565,1.1401754250991383,1.1313708498985726,0.28284271247452253,0.3605551275464494,0.36055512754657554,1.063014581273311,1.1661903789687793,8.41829,1e-05,13.793,24.138,17.241,13.793,31.034,0.02467,76.91628,40,6.212,11.06154,13.564,48.606000000000002,37.829999999999998,5.5,-0.9005174796428624,6,148.0,8,558,4.8516057255179428,39.349218035639161,2569.6712955429834,1826.5434256532737,152.76543209876544,12.359831394431133,37.76224,29.17083,7,3,8.289,9.043,2.638,2.487,83.04446119065561,11.75584024114544,3.541823662396383,0.8289374529012811,0.6782215523737755,0.15071590052750566
364828,2742,123,2742_123,257,7.0663201788500851,0.00039,7.0663201788500851,0.00039,11.74,7.06632,1816.04429,17.82723,17.82723,180.0,4,5,1.556,1.946,34.061399285618137,0.68835438306882768,0,0,2.335,3.113,78.111341960365351,78.690067525979899,78.690067525979899,78.69006752600599,78.69006752600599,79.992020198558663,82.874983651091938,89.999999999974037,116.56505117707799,168.69006752598204,1.0770329614268976,1.0816653826391964,1.0816653826391964,1.0816653826392773,1.0816653826392773,1.2206555615733703,2.23606797749979,1.1313708498984418,1.118033988749895,1.08166538263908,7.33643,0.00091,0.0,40.0,20.0,0.0,40.0,1.0487,24.00117,13,4.855,8.8691,11.673,47.470999999999997,40.856000000000002,9.0,-0.8108216389804731,3,58.0,10,151,1.9295924113360745,15.945702670515423,760.31198552356318,596.11684120687471,172.6875,13.141061600951424,40.19608,35.29412,0,0,6.226,12.062,1.556,0.778,78.21011673151752,14.007782101167315,6.614785992217898,0.38910505836575876,0.38910505836575876,0.38910505836575876
364829,2742,124,2742_124,199,8.6181141566833315,0.0,8.6181141566833315,0.0,8.254,8.61811,1715.00472,25.68151,25.68151,91.736,1,7,0.503,3.518,59.933937528102987,3.4788209843503397,0,1,6.533,8.543,37.950268899571263,40.498561543881983,40.574525087921117,44.999999999983729,45.542215164947145,54.272601777200151,55.091057238888673,56.793429684910869,59.036243467925516,63.834109103433413,5.412023651093934,1.2999999999999894,4.42944691807006,0.14142135623730148,6.072890580275567,0.5385164807134515,1.3038404810405504,1.2206555615733719,0.10000000000002274,4.716990566028277,8.68067,0.0,0.0,50.0,25.0,0.0,25.0,3.29047,49.86479,8,7.282,11.6489,10.050000000000001,46.734000000000002,43.216000000000001,9.0,-0.6499204202806153,2,68.0,10,126,38.588028145343522,39.493006939786881,699.94709643516853,850.20819314840844,46.0,6.7823299831252681,27.21088,30.61224,5,2,13.065,13.568,5.528,4.02,77.38693467336684,19.09547738693467,3.0150753768844223,0.5025125628140703,0.0,0.0
364830,2742,125,2742_125,338,4.4340278307224512,0.00094,4.4340278307224512,0.00094,14.185,4.43403,1498.70141,15.92985,15.92985,180.0,8,6,2.367,1.775,18.932030332473435,0.75717568695318938,0,1,6.509,7.988,71.565051177074125,78.69006752598041,78.69006752598041,80.134193056910291,90.0,94.763641690726431,116.56505117708525,120.96375653207448,165.96375653207434,172.23483398157418,0.3162277660168458,0.5099019513592773,0.5099019513592773,1.0440306508910548,1.1999999999999318,0.09999999999999964,1.264911064067395,0.19999999999998863,0.09999999999999964,1.236931687685342,4.5305,0.00244,0.0,0.0,28.571,14.286,57.143,0.16015,32.24613,14,2.369,5.7867,11.834,49.112000000000002,39.052999999999997,13.5,-0.536303767552042,5,38.399999999999999,7,53,0.08478429898672464,12.868002753755979,183.43711705023031,284.30125225233689,26.5,5.1478150704935004,35.65891,31.00775,1,1,8.876,11.834,1.775,2.071,68.63905325443787,18.93491124260355,10.355029585798816,0.8875739644970414,0.591715976331361,0.591715976331361
364831,2742,126,2742_126,419,6.7708215268962313,0.0,6.7708215268962313,0.0,5.739,6.77082,2836.97422,18.53106,18.53106,172.875,6,9,1.432,2.148,40.001321912971086,1.0333603265115532,0,1,6.683,7.399,48.547489380195692,49.165447631298754,51.340191745910545,51.911227119026229,56.2169199266474,65.725558865562164,78.690067525988809,90.0,90.0,111.80140948632486,1.8357559750685515,2.863564212655231,1.4317821063276364,1.3038404810405428,6.8,0.670820393249956,0.2236067977498773,0.10000000000013642,0.10000000000013642,0.22360679774997896,6.81159,0.0003,0.0,33.333,22.222,0.0,44.444,0.00306,28.9039,12,2.935,9.90658,19.093,43.198,37.709000000000003,7.67,-0.29130498600670673,4,62.75,16,168,4.583679887170466,11.699221760893128,832.81821561899176,696.81733897634876,274.63999999999999,16.572265988693278,27.27273,23.77622,1,1,7.399,9.069,3.103,2.625,86.39618138424821,10.501193317422434,2.1479713603818618,0.7159904534606205,0.0,0.2386634844868735
364832,2742,127,2742_127,178,5.72092501047866,0.0,5.72092501047866,0.0,8.523,5.72093,1018.32465,17.90028,17.90028,180.0,3,4,1.685,2.247,42.227533878412338,1.8693127919450054,0,1,4.494,4.494,44.999999999983729,44.999999999999986,59.036243467938561,59.93141717813748,60.255118703053263,63.43494882292201,63.79988515865282,63.868999455055516,74.744881296930785,155.55604521958392,0.14142135623730148,0.09999999999990905,0.2236067977500044,2.1954498400100557,0.8062257748298126,1.1999999999999886,1.3038404810405428,0.4472135955000342,1.0816653826391904,0.10000000000002274,5.73419,0.00018,0.0,33.333,0.0,33.333,33.333,4.23802,25.86551,9,2.717,9.38784,16.853999999999999,46.628999999999998,36.517000000000003,15.0,-0.41208149689449985,4,22.25,10,54,2.5755000547226956,5.9713824605648087,313.86769299655145,248.60852592715582,130.25,11.412712210513327,37.96296,22.22222,1,1,8.427,8.989,2.247,2.247,84.26966292134831,10.674157303370787,3.932584269662921,0.0,0.5617977528089888,0.5617977528089888
364833,2742,128,2742_128,749,1.2290374973626623,0.00156,1.2290374973626623,0.00156,4.073,1.22904,920.54909,16.60181,16.60181,180.0,2,3,0.267,0.401,14.265287924869581,0.43969281780902486,0,1,0.935,2.136,108.43494882290572,116.56505117707799,119.74488129694475,180.0,180.0,180.0,180.0,180.0,180.0,180.0,0.14142135623730148,1.118033988749895,1.1401754250991478,0.14142135623722107,0.14142135623722107,0.14142135623722107,0.14142135623722107,0.14142135623722107,0.14142135623722107,0.14142135623722107,1.1628,1e-05,0.0,6.25,0.0,6.25,87.5,0.00122,24.89573,21,0.941,8.63965,66.756,22.295999999999999,10.948,0.0,0,2,36.0,10,62,1.2854139509523841,6.1856318457496897,395.03666800434524,438.03153519689232,2258.6875,47.525650968713727,34.28571,24.7619,1,1,1.469,3.471,0.267,0.534,95.32710280373831,1.8691588785046729,1.2016021361815754,0.5340453938584779,0.0,1.0680907877169559
364834,2742,129,2742_129,783,7.7996594893381674,0.00018,7.7996594893381674,0.00018,8.906,7.79966,6107.13338,24.9002,24.9002,180.0,15,17,1.916,2.171,51.575631135179115,1.5717482135770886,0,2,7.024,8.557,97.125016348931865,104.03624346792672,104.03624346792672,105.25511870305378,115.01689347807381,116.56505117707799,119.57783868125881,160.01689347809827,164.744881296942,180.0,0.14142135623726126,0.14142135623734164,0.14142135623734164,0.10000000000013642,0.14142135623724117,1.118033988749895,0.3162277660168559,1.170469991071879,0.10000000000002274,0.09999999999999432,7.80478,0.0002,11.765,23.529,23.529,11.765,29.412,0.03053,62.74407,31,4.633,9.80953,11.494,46.231999999999999,42.273000000000003,18.0,-0.621519602576759,7,71.714285714285708,10,141,1.6411908989959407,36.018124933955512,706.88252054798033,858.43729094354342,172.859375,13.147599590799835,27.8135,28.29582,2,2,10.473,11.75,3.065,2.937,82.6309067688378,11.11111111111111,4.597701149425287,1.1494252873563218,0.2554278416347382,0.2554278416347382
364835,2742,13,2742_13,333,14.567604000429712,0.0,14.567604000429712,0.0,7.182,14.5676,4851.01213,31.04642,31.04642,165.964,11,13,3.303,3.904,70.833232004982477,1.115750739456822,0,1,4.204,3.904,47.014598787870831,47.66300076607228,48.945186229048765,50.792796495031411,52.284023654429681,56.853004167753177,57.264773727892518,63.43494882292201,87.614055969611186,105.25511870305787,1.6124515496596676,1.476482306023264,0.6324555320340174,0.6082762530298481,1.3341664064128131,1.118033988750256,1.6643316977093285,1.118033988749895,0.20000000000000018,1.1401754250991325,14.91846,0.00135,42.857,28.571,28.571,0.0,0.0,5.24592,38.76793,12,10.048,14.91885,3.0030000000000001,51.051000000000002,45.945999999999998,8.0,-0.8375905749543048,3,99.666666666666671,19,195,2.6703645591944367,49.165178623490057,1555.1077703986552,1609.1444507072767,0.0,0.0,39.38462,32.30769,1,1,7.508,7.207,2.402,1.802,83.78378378378379,12.912912912912914,2.7027027027027026,0.3003003003003003,0.3003003003003003,0.0
364836,2742,130,2742_130,408,4.3360821206410307,0.0,4.3360821206410307,0.0,4.815,4.33608,1769.12151,20.5061,20.5061,180.0,4,5,0.98,1.225,38.430940862665025,0.81743267474967041,0,1,2.451,3.676,44.999999999997684,44.999999999998465,44.999999999998479,45.000000000016293,70.177535429629557,75.379126011366907,77.471192290848279,86.185925165709222,97.943471810590893,131.63353933657004,0.10000000000013642,0.14142135623730523,0.14142135623730523,0.14142135623722107,0.7810249675905956,1.0630145812735035,0.22360679774998055,1.0630145812734624,1.2041594578792343,0.10000000000000142,4.37899,0.00026,11.111,0.0,22.222,0.0,66.667,0.0,29.57235,13,5.089,9.95949,44.118000000000002,30.882000000000001,25.0,9.0,-0.8994496599426876,4,38.75,8,122,3.4405819012336303,20.599042619500015,618.06633992714353,436.53193784691842,2607.7599999999998,51.066231503802975,28.24859,31.07345,2,2,5.147,8.578,1.471,1.225,88.48039215686275,9.558823529411764,1.2254901960784315,0.24509803921568626,0.24509803921568626,0.24509803921568626
364837,2742,131,2742_131,339,8.0984210982785516,-0.0,8.0984210982785516,-0.0,6.35,8.09842,2745.36475,18.18186,18.18186,115.017,9,8,2.655,2.36,26.097758605812253,1.0621952112503859,0,1,6.785,6.785,26.565051177156157,30.538138570342781,34.695153531236578,35.901220730910374,44.999999999967429,44.999999999967429,46.005086005237956,50.453918888590422,58.529588027217855,90.0,0.22360679775018233,2.267156809750961,1.2727922061359143,4.491102314577159,0.14142135623726126,0.14142135623726126,0.2236067977498773,1.9416487838947754,2.5317977802344336,0.09999999999990905,8.24989,-0.0,0.0,28.571,57.143,0.0,14.286,4.17416,12.16441,14,6.443,9.52428,8.8499999999999996,48.968000000000004,42.183,10.0,-0.5322680508593585,4,69.5,10,214,1.1269383418836205,15.463783985304641,883.76865437363517,682.33017714094626,42.25,6.5,38.19444,29.86111,1,1,10.029,9.145,2.655,3.835,82.00589970501476,16.519174041297934,0.8849557522123894,0.5899705014749262,0.0,0.0
364838,2742,132,2742_132,292,9.0035945156839805,0.00034,9.0035945156839805,0.00034,5.8,9.00359,2629.0496,19.82978,19.82978,171.87,6,5,2.055,1.712,37.52312826289878,0.91246140265145204,0,1,5.479,6.164,30.141385552067693,32.434651620093284,33.401668386927689,36.869897645849605,38.065651098730136,43.45184230103095,43.919075813340278,46.818302964457963,48.366460663430445,50.13471171304159,0.6324555320336039,5.408326913195996,4.47213595499958,1.565247584249751,7.454528824815135,1.1704699910720828,3.3999999999999773,1.523154621172725,0.9486832980506217,6.044005294504628,9.21423,0.00016,16.667,16.667,50.0,0.0,16.667,0.09975,42.87166,11,7.32,11.5653,20.547999999999998,42.808,36.643999999999998,0.0,0,2,109.5,9,210,1.4566278422586063,13.658983489682795,1263.3447458637163,1308.8331305874792,0.0,0.0,38.32599,29.51542,1,1,10.616,9.932,2.397,2.397,85.27397260273973,13.356164383561644,1.0273972602739727,0.0,0.0,0.3424657534246575
364839,2742,133,2742_133,1275,16.66765179469407,8e-05,16.66765179469407,8e-05,5.39,16.66765,21251.25604,29.90602,29.90602,180.0,10,18,0.784,1.412,75.626199337106073,0.87838218205682916,1,1,7.608,8.235,52.253194612663293,58.055247223784868,68.198590513666147,68.198590513756002,89.999999999791555,94.763641690744166,97.125016348412771,101.30993247377971,116.56505117707799,161.56505117697375,0.5385164807137206,0.7615773105874895,1.0770329614267657,2.399999999999636,1.118033988749895,0.22360679775079242,1.1401754250981808,0.22360679774916548,0.2000000000007276,0.31622776601626273,16.7485,0.00048,57.143,14.286,14.286,3.571,10.714,0.4209,28.5159,16,6.622,17.17177,2.3530000000000002,47.058999999999997,50.588000000000001,5.0,-0.6912134201689707,7,168.14285714285714,5,689,0.082090521934997066,36.218929840379779,5124.128079347598,3023.4738063176233,4.75,2.179449471770337,34.59984,38.48019,3,2,12.157,13.098,2.98,3.451,85.80392156862744,12.705882352941176,1.0196078431372548,0.3137254901960784,0.0784313725490196,0.0784313725490196
364840,2742,134,2742_134,244,13.692384074378081,0.0137,13.692384074378081,0.0137,2.92,13.69238,3340.94171,19.68146,19.68146,60.068,2,2,0.82,0.82,16.788167540045357,1.6954672278812619,1,1,11.475,11.885,9.6025861161974895,11.484311242112724,12.050784883410099,12.182571164552265,15.16850978528846,16.218000841107415,17.018666264466315,19.244048613806669,23.559440896897275,35.134193056915699,12.879829191413972,16.46389990251391,12.445079348883207,14.780054127099861,1.603121954188134,3.342154993413641,4.6324939287602165,4.504442251822083,1.1704699910719707,2.0880613017821097,13.84326,0.05451,20.0,80.0,0.0,0.0,0.0,2.67709,28.58239,4,10.607,13.69238,8.1969999999999992,45.902000000000001,45.902000000000001,0.0,0,2,39.0,10,68,6.6653709060583193,13.263224426630085,418.99421441218635,511.01357601285258,0,0,28.68852,31.96721,1,1,15.984,15.574,4.918,5.738,95.90163934426229,3.6885245901639343,0.4098360655737705,0.0,0.0,0.0
364841,2742,135,2742_135,481,9.0030513552451943,0.00021,8.8876593550777159,0.00021,5.97,9.00305,4330.4677,26.05993,72.17119,180.0,6,8,1.247,1.663,47.941153599741988,1.2194492303036666,0,1,8.108,10.187,69.443954780385752,71.565051177045419,78.690067525943874,78.690067525943874,82.874983651068149,86.185925165709079,90.0,90.0,93.814074834323492,93.814074834323492,1.2083045973593745,1.118033988749895,1.0816653826391274,1.0816653826391274,0.14142135623726126,0.14142135623718088,0.10000000000013642,0.10000000000013642,1.0630145812735463,1.0630145812735463,8.98704,0.0001,20.0,20.0,20.0,10.0,30.0,0.69804,25.06431,15,3.745,10.94864,6.2370000000000001,51.350999999999999,42.411999999999999,11.0,-1.1116174033578927,4,89.25,51,123,3.4219587793600379,6.9395449005198531,487.63033762212217,1074.7821282830157,48.987654320987659,6.9991181102327209,31.02564,23.58974,1,1,9.563,11.85,3.326,2.911,88.98128898128898,7.276507276507276,2.7027027027027026,0.8316008316008316,0.0,0.2079002079002079
364842,2742,136,2742_136,415,8.9351724259549066,0.00024,8.9351724259549066,0.00024,8.552,8.93517,3708.09656,22.68237,22.68237,115.408,7,10,1.687,2.41,38.688139501587642,1.8340977820798958,0,1,7.47,8.916,59.036243467926717,66.801409486246243,77.487032981492419,85.701537096234816,93.366460663446375,99.462322208026492,100.3048464687663,101.97613244420293,105.25511870305665,109.98310652189986,0.09999999999999432,0.14142135623756272,2.5612496949730827,4.0804411526207165,1.077032961426903,0.09999999999999432,0.09999999999999432,3.3734255586866646,0.09999999999999432,1.1704699910719858,9.00594,0.0001,11.111,11.111,55.556,0.0,22.222,0.05369,33.98222,16,6.567,10.69885,9.6389999999999993,43.854999999999997,46.506,0.0,0,4,79.75,32,205,7.332015615701863,20.959643059230149,901.58352857681598,921.02102650262009,172.66666666666666,13.140268896284683,23.4104,28.3237,2,1,12.289,13.253,3.373,3.133,80.0,15.421686746987952,2.891566265060241,1.6867469879518073,0.0,0.0
364843,2742,137,2742_137,406,8.0203780954066843,0.0,8.0203780954066843,0.0,3.385,8.02038,3256.27351,16.9331,16.9331,74.745,7,8,1.724,1.97,32.185653433321619,0.92983062585569332,0,1,6.404,7.635,20.480357311811922,21.371913936676304,21.730644870819258,25.761355483101653,26.791515529419058,29.799215827371057,30.963756532074957,40.601294644999918,41.989171292402169,48.814074834286892,6.264982043070837,6.573431371818007,3.605551275463876,1.3038404810404776,5.5803225713214895,5.762811813689578,6.906518659932897,1.1661903789691304,6.158733636065143,0.20000000000004547,8.13964,6e-05,11.111,11.111,44.444,11.111,22.222,0.00312,36.5202,13,6.607,10.36446,12.315,49.015000000000001,38.670000000000002,12.0,-1.234027584983642,4,75.0,11,213,1.3660388663655707,13.579318611761023,941.27652227677106,809.74462170330025,289.0,17.0,31.84713,29.93631,2,1,11.33,10.837,1.724,2.709,89.65517241379311,9.852216748768473,0.49261083743842365,0.0,0.0,0.0
364844,2742,138,2742_138,848,6.112688916415534,0.0,6.112688916415534,0.0,10.711,6.11269,5183.5602,25.95149,25.95149,180.0,12,9,1.415,1.061,36.730942229998618,1.074846465580747,0,1,5.896,6.132,115.01689347805687,115.01689347805687,151.69924423396978,159.34108993669841,160.01689347809622,174.89783474764613,180.0,180.0,180.0,180.0,1.1704699910718839,1.1704699910718839,1.0440306508910582,1.1661903789690133,1.1999999999999886,1.044030650891042,0.14142135623724117,0.14142135623724117,0.14142135623724117,0.14142135623724117,6.09378,2e-05,5.556,16.667,27.778,11.111,38.889,0.00772,44.94881,30,3.27,8.98312,20.047000000000001,41.863,38.090000000000003,16.33,-0.46796598222820013,8,62.375,7,249,0.81373057749813049,7.2546444590958874,840.25559332501723,637.67169472786031,420.14876033057845,20.49753059103897,32.34783,31.30435,3,1,8.137,8.726,2.358,2.476,78.65566037735849,14.504716981132075,4.363207547169812,1.4150943396226414,0.35377358490566035,0.7075471698113207
364845,2742,139,2742_139,353,12.259108816219507,-0.0,12.259108816219507,-0.0,5.214,12.25911,4327.46541,28.50474,28.50474,176.186,9,6,2.55,1.7,61.701814771465891,1.1977925646999534,0,1,7.365,5.949,29.39605285494164,31.579014601854023,32.487032981489726,34.628941180685942,37.033443670301367,44.792156487817714,45.000000000048857,45.000000000048857,95.194428907736409,95.194428907736409,4.846648326421037,4.539823785126455,4.3324358044868365,9.265527507918803,2.7459060435489677,6.746851117373241,0.14142135623738186,0.14142135623738186,1.1045361017186375,1.1045361017186375,12.52499,8e-05,42.857,28.571,28.571,0.0,0.0,4.22709,76.78435,11,9.818,14.79692,11.331,47.875,40.792999999999999,0.0,0,2,144.0,112,176,27.213108920248999,38.684587263880189,344.80596658439072,2158.3663217158082,6.25,2.5,33.21918,27.39726,1,1,12.181,9.632,2.266,3.116,88.38526912181302,10.19830028328612,0.56657223796034,0.56657223796034,0.0,0.28328611898017
364846,2742,14,2742_14,1238,10.775313115971006,8e-05,10.607834627332327,8e-05,5.647,10.77531,13339.83764,27.07028,214.36404,180.0,27,28,2.181,2.262,70.486098154064237,0.86727445925304703,0,3,3.312,2.908,77.660912721669902,81.158185439788738,87.064326553579761,90.0,94.969740728105791,105.25511870305378,105.25511870306669,115.01689347809432,153.43494882294809,170.53767779198142,1.824828759089423,0.41231056256188736,1.1045361017186273,0.1999999999998181,0.1000000000003638,1.1401754250992577,1.1401754250991802,1.170469991071908,0.22360679774997896,0.6082762530297173,10.65159,3e-05,33.333,11.111,14.815,11.111,29.63,0.00109,31.37557,34,8.089,13.09793,24.233000000000001,39.661000000000001,36.106999999999999,22.0,-0.2053668924704417,8,119.0,40,403,2.2898731282659064,35.402457830505995,2207.8850736622676,1660.297182619749,4548.2222222222217,67.440508763073709,39.52096,36.02794,5,4,5.412,5.897,1.616,1.212,86.9951534733441,11.066235864297253,1.2924071082390953,0.40387722132471726,0.08077544426494346,0.16155088852988692
364847,2742,140,2742_140,448,13.223603609088324,0.0,13.223603609088324,0.0,6.016,13.2236,5924.17442,29.24124,29.24124,172.504,13,12,2.902,2.679,78.815615625420534,0.86817624634000257,0,1,1.786,4.688,57.094757076977949,63.43494882292201,73.610459665953613,78.690067526123428,90.0,90.000000000124857,93.814074834381429,97.125016348767517,134.99999999996743,161.56505117692168,0.14142135623726126,0.2236067977497756,0.28284271247436177,1.0816653826394742,0.09999999999990905,3.394112549695878,0.1414213562368593,1.1401754250987393,0.09999999999990905,0.14142135623718088,13.41996,6e-05,33.333,55.556,0.0,0.0,11.111,3.95902,75.58606,14,9.081,15.86959,6.6959999999999997,53.347999999999999,39.954999999999998,22.5,-0.5997931267557596,3,121.0,20,204,0.40383314637931872,31.425710044911337,1706.9222920723416,1969.8003344370334,53.600000000000001,7.3212020870892509,45.57641,30.563,2,1,5.804,7.366,0.893,0.893,90.17857142857143,6.919642857142857,1.3392857142857142,0.8928571428571429,0.44642857142857145,0.22321428571428573
364848,2742,141,2742_141,212,6.7646245049750071,0.00047,6.7646245049750071,0.00047,6.24,6.76462,1434.1004,17.21656,17.21656,120.964,2,6,0.943,2.83,30.837025118012388,1.6224384430379408,0,1,5.189,6.604,24.186350913288532,24.586792202207747,27.286450468304537,29.270778094444676,29.703172646178263,30.323606862551525,63.090489368690669,79.992020198551188,79.992020198559317,90.0,2.594224354214524,3.5608987629529283,5.685947590331771,6.723094525588568,8.023091673413669,1.7029386365926853,0.8602325267042997,0.14142135623732158,1.22065556157338,0.1999999999999318,6.81644,0.00064,0.0,25.0,50.0,0.0,25.0,1.08124,15.77722,10,5.707,9.24056,14.151,42.453000000000003,43.396000000000001,0.0,0,1,143.0,143,143,14.544510317296757,14.544510317296757,0.0,1422.0989236060898,88.666666666666671,9.41629792788369,32.25806,43.22581,2,2,7.075,8.962,2.83,3.774,84.90566037735849,12.735849056603774,1.4150943396226414,0.4716981132075472,0.4716981132075472,0.0
364849,2742,142,2742_142,534,3.6272340455477967,0.0,3.6272340455477967,0.0,13.291,3.62723,1936.94298,12.78828,12.78828,180.0,4,7,0.749,1.311,15.761038347358296,0.68274131139556804,0,1,5.056,5.243,93.366460663432491,95.194428907736693,97.125016348908574,105.06848815948845,108.43494882291387,138.36646066343252,150.06848815949181,156.80140948635031,161.56505117707803,176.63353933657058,0.14142135623734164,1.7464249196573371,1.1401754250991305,0.22360679774999168,0.14142135623732158,1.2041594578792247,1.264911064067347,1.20415945787922,0.2236067977500298,1.1313708498984518,3.63519,0.00066,0.0,0.0,27.273,9.091,63.636,0.15092,11.57341,16,2.913,4.93454,18.727,44.756999999999998,36.517000000000003,10.0,-0.5857189860728879,5,49.0,12,145,1.5641711187434002,10.32497386743878,440.12760355998932,351.04502968444973,85.039999999999992,9.2217135067188032,36.92308,33.07692,1,1,7.491,7.303,1.311,1.311,69.66292134831461,21.348314606741575,6.5543071161048685,1.3108614232209739,0.7490636704119851,0.37453183520599254
364850,2742,143,2742_143,464,3.6782947150957437,0.00022,3.6782947150957437,0.00022,16.28,3.67829,1706.72875,16.00312,16.00312,180.0,8,7,1.724,1.509,12.501570402691822,0.85474537744668477,0,2,3.664,5.172,97.125016348937635,116.56505117707799,120.9637565320733,120.96375653207561,133.86557836902367,146.44104386877063,153.43494882294806,161.56505117707908,168.69006752595226,172.87498365112575,1.1401754250992027,0.10000000000000142,0.09999999999999432,0.44721359549996426,1.2529964086141976,1.0630145812735035,0.22360679774997896,1.140175425099163,0.3605551275464336,0.3605551275464336,3.68063,4e-05,0.0,0.0,10.0,30.0,60.0,0.09401,20.36978,20,2.945,4.52611,6.4660000000000002,48.276000000000003,45.259,10.0,-0.4758360685082505,9,27.888888888888889,6,75,0.057264788493015036,10.65283058350269,206.46254184370699,170.40282977032734,27.689999999999998,5.2621288467691478,37.86667,37.33333,2,2,7.974,9.267,1.509,2.155,61.422413793103445,27.586206896551722,8.189655172413794,0.8620689655172413,1.5086206896551724,0.43103448275862066
364851,2742,144,2742_144,392,11.016585955031012,0.0,11.016585955031012,0.0,7.413,11.01659,4318.50169,34.48188,34.48188,153.435,12,12,3.061,3.061,76.606772670923633,1.0978153224057217,0,1,2.551,3.061,45.000000000130278,45.000000000130278,65.618188123102613,67.166345822112348,71.56505117707799,75.260426286930723,90.0,90.000000000052111,102.86710414002398,116.56505117707799,0.14142135623750243,0.14142135623750243,1.3038404810404776,0.31622776601698177,1.118033988749895,3.4655446902327545,1.118033988749895,0.22360679775018233,0.5830951894845067,0.09999999999990905,11.15798,5e-05,25.0,25.0,25.0,12.5,12.5,3.1822,47.84578,10,8.129,13.27244,12.755000000000001,44.133000000000003,43.112000000000002,0.0,0,3,104.33333333333333,20,172,8.5402516996072997,62.005726210758027,1232.1659162397204,1434.5588849719272,314.88888888888886,17.745108872274887,36.30769,34.76923,2,1,5.102,5.867,1.786,1.531,85.71428571428571,10.204081632653061,2.806122448979592,1.0204081632653061,0.25510204081632654,0.0
364852,2742,145,2742_145,1357,6.9050970433537122,0.01071,6.9050970433537122,0.01071,10.31,6.9051,9370.21669,20.81946,20.81946,180.0,24,24,1.769,1.769,28.723975278758019,1.1113768207461865,0,3,9.654,10.391,106.26020470835002,109.98310652190568,111.3706222693214,125.53767779193831,125.53767779193831,164.74488129694322,170.53767779197267,170.81116392263991,179.99999879258175,180.0,0.22360679774997896,1.170469991071908,0.22360679774997896,1.216552506059472,1.216552506059472,1.1401754250990384,0.09999999999990905,1.2083045973595814,1.1045361017186357,0.10000000000013642,6.875,0.01022,3.333,16.667,26.667,16.667,36.667,0.47988,27.63877,45,4.985,7.6821,1.474,51.142000000000003,47.384,7.4,-0.5081098370604253,22,43.863636363636367,5,208,0.13113159422827042,16.062816066030418,563.82352941765669,402.66895812284184,18.728888888888889,4.3276886312313287,30.04926,28.73563,9,4,12.601,13.928,3.832,3.316,78.55563743551953,15.106853352984524,4.126750184229919,1.621223286661754,0.2210759027266028,0.36845983787767134
364853,2742,146,2742_146,330,13.367140785608402,-0.0,13.367140785608402,-0.0,5.199,13.36714,4411.15646,38.40117,38.40117,112.62,8,13,2.424,3.939,75.504032066209177,5.4316657197507396,0,1,4.848,5.758,29.827084654489294,35.537677792002377,38.121106838891727,39.99696229495833,40.855870891601896,41.633539336584214,52.284023654427884,52.752080607904688,86.185925165844523,97.125016348922671,1.8248287590896004,0.9899494936612309,7.467261881037756,2.475883680628309,5.249761899362647,3.4058772731853604,1.4212670403551768,2.8160255680654926,0.14142135623750243,1.6970562748477784,13.30207,7e-05,57.143,14.286,14.286,0.0,14.286,0.19993,88.69538,11,10.45,16.03249,12.121,40.908999999999999,46.969999999999999,12.0,-0.2602528800592231,2,133.5,7,260,0.14247925775407536,38.444318226312973,2181.3958553320595,2199.6616297851192,259.55555555555554,16.110727964792762,28.0,34.18182,1,1,7.879,8.182,2.727,2.727,88.78787878787878,9.696969696969697,0.9090909090909091,0.6060606060606061,0.0,0.0
364854,2742,147,2742_147,421,9.9906971197414158,-0.0,9.9906971197414158,-0.0,4.929,9.9907,4206.08349,33.21807,33.21807,180.0,4,10,0.95,2.375,127.40670740363333,1.7544253695314598,0,1,3.563,4.988,28.96687670665586,29.460527203032715,34.473929215154705,45.000000000065135,52.244913175229094,124.69515353117924,161.56505117702588,179.99999879258175,180.0,180.0,6.578753681359393,8.84816365128942,8.20365772079749,0.14142135623734164,5.903388857258248,0.14142135623766322,0.22360679775018233,1.1180339887499966,0.09999999999990905,0.09999999999990905,10.0327,0.00057,44.444,0.0,0.0,11.111,44.444,0.02459,46.04815,14,7.575,18.75103,33.253999999999998,36.579999999999998,30.166,23.0,-0.4946445316836766,1,215.0,215,215,64.840284090334649,64.840284090334649,0.0,4191.3326303127342,473.26530612244909,21.75466171013581,31.25,29.01786,1,1,4.513,6.651,2.375,2.138,92.39904988123516,5.7007125890736345,0.4750593824228028,0.0,0.4750593824228028,0.9501187648456056
364855,2742,148,2742_148,596,3.9930778207894551,0.00181,3.9930778207894551,0.00181,10.305,3.99308,2379.87438,16.64121,16.64121,180.0,9,6,1.51,1.007,24.460597973495176,0.63164389737737858,0,1,4.866,5.369,108.43494882291793,109.98310652189998,115.01689347809713,153.43494882292853,158.19859051364932,165.96375653206977,167.47119229084583,179.99999914622637,180.0,180.0,0.14142135623733162,0.10000000000000003,1.1704699910719627,0.14142135623732158,0.7615773105863848,0.41231056256174947,0.22360679774997896,0.22360679775008066,0.09999999999999432,0.09999999999999432,4.05541,2e-05,0.0,15.385,15.385,0.0,69.231,0.00276,25.14064,18,3.164,6.72616,30.201000000000001,38.423000000000002,31.376000000000001,9.33,-0.3876504931744022,7,35.428571428571431,5,120,0.29981889812608625,7.8099079391680428,462.23143019519119,320.34283994484429,1019.8367346938776,31.934882725538191,34.09091,33.23864,1,1,7.886,8.389,1.51,2.013,79.19463087248322,14.093959731543624,4.530201342281879,0.8389261744966443,0.6711409395973155,0.6711409395973155
364856,2742,149,2742_149,236,12.446224992159772,0.02282,12.446224992159772,0.02282,4.137,12.44622,2937.3091,23.09329,23.09329,32.886,4,5,1.695,2.119,20.933729207249375,3.1384831628242758,0,1,9.746,8.475,16.001022853846134,16.126305536309694,16.486863816413695,16.822303642350029,18.004161605912135,19.515873009582556,22.095684143300605,25.604876610412514,30.774036101257352,32.106255955115003,9.303762679690385,12.220065466273066,1.7029386365924464,5.385164807134516,2.28473193175908,7.111961754677758,7.907591289387752,7.0710678118654755,1.2165525060599112,3.1622776601685016,12.50269,0.02426,20.0,60.0,20.0,0.0,0.0,0.96997,36.98628,9,9.404,12.44622,0.0,52.966000000000001,47.033999999999999,0.0,0,1,228.0,228,228,17.970434333738499,17.970434333738499,0.0,2917.1528965062721,0,0,35.59322,27.11864,1,1,15.254,12.712,4.661,3.39,87.28813559322033,12.711864406779661,0.0,0.0,0.0,0.0
364857,2742,15,2742_15,405,10.787626026053415,0.0,10.787626026053415,0.0,6.347,10.78763,4368.98854,25.91235,25.91235,109.818,9,8,2.222,1.975,60.325840771397722,2.1391219263848318,0,3,4.691,5.926,48.814074834304179,57.524664347979098,61.429301451535217,61.676749954766208,63.43494882292201,63.547958103421372,81.603252545801013,81.869897645838336,86.345353847893122,97.125016348774523,1.063014581273482,13.80036231408436,2.473863375370552,11.905040949110594,0.0999999999999659,1.6278820596099812,11.792370414806324,0.2236067977500298,23.914012628582416,0.14142135623750243,10.95331,0.0,12.5,50.0,25.0,12.5,0.0,2.62844,40.56068,14,7.05,12.80779,7.407,52.840000000000003,39.753,7.0,-1.2692330330912156,4,80.75,6,158,0.21453627538226661,48.40690683590455,893.8565606956962,1087.9075976396575,63.5,7.9686887252546139,41.34897,26.97947,3,3,8.889,7.407,3.704,3.21,86.41975308641975,10.864197530864198,2.2222222222222223,0.49382716049382713,0.0,0.0
364858,2742,150,2742_150,843,5.7562585026724324,-0.0,5.7562585026724324,-0.0,15.6,5.75626,4852.52592,20.74801,20.74801,180.0,11,13,1.305,1.542,38.18366124139591,0.97934153597337859,0,1,3.559,5.101,172.87498365111423,180.0,180.0,180.0,180.0,180.0,180.0,180.0,180.0,180.0,0.3605551275463863,0.10000000000013642,0.10000000000013642,0.10000000000013642,0.10000000000013642,0.10000000000013642,0.10000000000013642,0.10000000000013642,0.10000000000013642,0.10000000000013642,5.7403,3e-05,5.556,16.667,22.222,0.0,55.556,0.07024,30.20725,33,3.449,9.47149,22.539000000000001,41.043999999999997,36.417999999999999,9.5,-0.3427906754080634,7,60.0,23,143,4.8722017755742062,9.3915360365700149,631.72219084727976,675.45320648259826,200.04535147392295,14.143738949582,37.20472,29.92126,1,1,6.643,8.778,1.661,1.661,76.63107947805457,11.387900355871887,6.761565836298932,1.7793594306049823,2.0166073546856467,1.4234875444839858
364859,2742,151,2742_151,307,6.3847330685120101,0.0,6.3847330685120101,0.0,12.392,6.38473,1960.11305,15.90126,15.90126,180.0,6,6,1.954,1.954,25.717952373490895,0.82405923905006262,0,0,6.189,6.515,88.451842301048487,90.00000000001954,93.179830119864263,93.179830119864263,96.58194465521261,111.80140948635182,116.56505117707799,119.7448812969422,160.01689347810205,164.29136217098429,0.31622776601686486,0.22360679774992812,0.31622776601683783,0.31622776601683783,1.1704699910720926,1.2041594578792294,0.2236067977499789,0.14142135623730953,0.10000000000013642,1.140175425099138,6.59436,4e-05,0.0,0.0,50.0,33.333,16.667,0.15572,17.67424,14,5.554,8.80182,9.7720000000000002,48.859999999999999,41.368000000000002,20.0,-0.5664224648148287,1,197.0,197,197,7.1096221949972014,7.1096221949972014,0.0,1934.0058950877974,39.234375,6.2637349081837748,31.53153,29.72973,2,1,9.121,11.401,2.606,2.606,77.1986970684039,13.680781758957655,5.863192182410423,2.2801302931596092,0.6514657980456026,0.3257328990228013
364860,2742,152,2742_152,489,4.8153407414850413,0.00082,4.8153407414850413,0.00082,7.254,4.81534,2354.70162,19.19427,19.19427,180.0,7,9,1.431,1.84,31.67057125300574,1.0453405390846677,0,1,4.499,6.544,90.0,90.0,90.0,90.0,90.0,90.0,100.30484646876916,180.0,180.0,180.0,0.2999999999999545,0.2999999999999545,0.2999999999999545,0.2999999999999545,0.2999999999999545,0.2999999999999545,1.1180339887498134,0.10000000000013642,0.10000000000013642,0.10000000000013642,4.79694,0.00093,0.0,20.0,10.0,10.0,60.0,0.02868,18.01984,21,4.615,8.468,34.765000000000001,34.151000000000003,31.084,9.5,-0.49082374972455795,6,39.5,8,165,2.2285876039915142,12.528073021909481,683.04592889596825,385.03136126395663,404.5,20.112185361118765,29.60289,29.24188,2,1,7.157,7.975,2.045,1.636,87.11656441717791,8.384458077709612,1.8404907975460123,1.8404907975460123,0.0,0.8179959100204499
364861,2742,153,2742_153,492,4.0873112097276545,0.0,4.0873112097276545,0.0,18.252,4.08731,2010.95712,14.04172,14.04172,180.0,8,9,1.626,1.829,13.915208213046045,0.92916761866208208,0,2,4.878,5.488,158.62937773065789,162.94540525052443,164.7448812969447,174.80557109226407,180.0,180.0,180.0,180.0,180.0,180.0,1.1045361017187507,2.376972864800976,1.1000000000000227,1.1045361017187507,1.1180339887498059,1.1180339887498059,1.1180339887498059,1.1180339887498059,1.1180339887498059,1.1180339887498059,4.09178,0.00087,0.0,0.0,30.0,10.0,60.0,0.15985,11.5644,18,2.788,5.19183,8.1300000000000008,45.731999999999999,46.137999999999998,15.0,-0.4022328529762281,6,44.666666666666664,14,87,0.68182659898786968,3.3344284537954429,236.8711737458143,315.57676157972111,23.333333333333332,4.8304589153964796,31.77083,37.5,3,2,7.52,9.756,1.423,1.626,69.91869918699187,14.83739837398374,9.75609756097561,2.6422764227642275,1.2195121951219512,1.6260162601626016
364862,2742,154,2742_154,547,9.1475066539634362,0.0,9.1475066539634362,0.0,5.441,9.14751,5003.68614,28.3302,28.3302,180.0,15,11,2.742,2.011,62.582207938912198,1.0026570431590249,0,0,6.033,5.667,41.496468355210688,44.451946690302528,74.744881296949259,79.695153531233771,79.695153531234752,84.805571092264742,84.805571092265467,84.805571092265467,90.0,180.0,1.3999999999998636,6.937578828381026,1.1401754250994771,1.1180339887498898,0.10000000000000853,1.1045361017187212,1.1045361017187199,1.1045361017187199,0.10000000000000853,0.20000000000000284,9.2982,3e-05,16.667,25.0,16.667,8.333,33.333,0.0016,50.04739,22,6.672,11.25628,12.797000000000001,46.435000000000002,40.768000000000001,50.0,-0.07202631123499732,6,66.833333333333329,15,234,1.5192096340878909,40.112292116794769,1261.5364886394241,826.42255123671623,420.1875,20.498475553074673,31.08108,28.15315,1,0,8.044,7.861,2.011,1.828,89.03107861060329,9.323583180987203,1.0968921389396709,0.18281535648994515,0.0,0.3656307129798903
364863,2742,155,2742_155,244,8.5787599821705651,-0.0,8.5787599821705651,-0.0,6.773,8.57876,2093.21744,20.76174,20.76174,104.036,3,1,1.23,0.41,59.257418151915452,0.95792598115481897,0,1,6.148,10.246,34.564385525783315,37.485762798486483,42.301850328473222,47.698149671526792,54.849534356326821,58.392497753752771,59.796762245057351,69.341089936692526,74.744881296943234,77.471192290848407,8.013114251026268,4.632493928760166,7.1217975259059285,6.918092222571197,4.6324939287601685,1.5264337522473606,3.4669871646719432,1.16619037896906,1.1401754250990384,0.3162277660168385,8.90741,4e-05,20.0,40.0,0.0,0.0,40.0,1.99274,17.67667,4,4.966,12.97545,20.492000000000001,44.262,35.246000000000002,7.0,-0.5432225185842141,1,150.0,150,150,25.552330683415107,25.552330683415107,0.0,2068.7238964209691,188.1875,13.718144918318949,31.67702,26.08696,2,1,11.885,16.803,2.869,2.869,81.9672131147541,14.754098360655737,2.8688524590163933,0.4098360655737705,0.0,0.0
364864,2742,156,2742_156,1063,3.0022818192152729,0.00013,3.0022818192152729,0.00013,14.288,3.00228,3191.42557,28.09591,28.09591,180.0,12,17,1.129,1.599,25.828862673870201,0.65331779712588856,0,1,4.139,7.62,142.12501634890279,142.12501634891183,153.43494882292202,172.87498365110568,175.60129464500824,179.99999879258175,180.0,180.0,180.0,180.0,1.2727922061359143,1.140175425099098,0.6708203932499306,1.131370849898653,1.1661903789690133,1.118033988749895,0.22360679774997916,0.22360679774997916,0.22360679774997916,0.22360679774997916,3.02185,0.00069,4.348,0.0,13.043,8.696,73.913,0.05211,82.01906,46,1.874,5.04661,12.23,51.457999999999998,36.311999999999998,10.5,-0.2683808900595114,10,31.5,5,103,0.016220784816318029,5.2211618361084069,355.17088946081276,289.69299622448506,51.959183673469383,7.2082718923102078,27.2293,26.59236,4,3,6.491,11.007,1.129,1.223,74.50611476952022,13.734713076199435,6.585136406396989,2.8222013170272815,1.5992474129821261,0.7525870178739417
364865,2742,157,2742_157,756,9.0083244143802759,0.0,9.0083244143802759,0.0,5.384,9.00832,6810.29326,22.85695,22.85695,180.0,16,15,2.116,1.984,42.08387431406333,1.3001488010408233,0,1,6.614,7.143,58.099843082274532,59.036243467925516,65.224859431167999,73.412661443082726,79.695153531234496,79.695153531236571,81.869897645845128,83.181785428366894,85.030259271890799,100.3048464687655,0.8062257748297985,0.10000000000002274,0.10000000000002274,0.6082762530298295,1.1180339887498871,0.10000000000002274,0.31622776601684693,2.247220505424575,0.40000000000009095,1.1180339887498871,9.02057,3e-05,18.75,25.0,31.25,6.25,18.75,0.05866,56.36693,23,6.352,11.25963,13.228,46.295999999999999,40.475999999999999,0.0,0,7,81.428571428571431,7,218,0.30738604752465198,22.625885993699882,903.208377368941,965.66262488917369,213.2222222222222,14.602130742539673,32.45033,29.13907,1,1,8.995,9.392,2.513,2.116,87.03703703703704,10.582010582010582,2.1164021164021163,0.13227513227513227,0.0,0.13227513227513227
364866,2742,158,2742_158,376,7.4593904097363293,0.0,7.4593904097363293,0.0,6.108,7.45939,2804.73079,25.10498,25.10498,180.0,7,7,1.862,1.862,51.650021310878365,1.06820759431581,0,1,4.787,5.585,45.000000000007127,45.000000000032578,53.746162262549376,53.746162262564781,53.953704627634842,54.334998463139762,71.565051177074125,77.471192290868771,89.999999999994699,97.125016348899294,0.10000000000000142,0.10000000000002274,0.1414213562373266,2.6305892875932035,5.846366392897379,0.7211102550927864,0.3162277660168458,1.2369316876853425,1.118033988749895,1.1401754250991478,7.56914,-0.0,12.5,12.5,37.5,0.0,37.5,0.03012,33.73884,19,5.535,11.42637,21.277000000000001,47.073999999999998,31.649000000000001,32.5,-0.1772526006462652,4,56.75,14,94,0.77043904986167322,32.119847164894772,495.53469815963479,691.90740399365188,166.4722222222222,12.902411488641269,37.14286,19.18367,2,2,7.979,10.904,2.394,1.862,85.90425531914893,10.904255319148936,2.6595744680851063,0.26595744680851063,0.0,0.26595744680851063
364867,2742,159,2742_159,1101,5.8618551674510391,0.00213,5.8618551674510391,0.00213,7.243,5.86186,6453.90254,16.05553,16.05553,180.0,18,21,1.635,1.907,24.333049999460609,0.92589540375029211,0,0,7.629,8.447,90.000000000052111,94.763641690722594,102.3129573370263,103.67130713222639,105.25511870304577,115.01689347809432,116.56505117707799,163.92642583525011,173.41805534482248,180.0,0.22360679775018233,1.2041594578790407,4.396589587395868,1.2041594578792674,1.1401754250989784,0.14142135623718088,1.118033988749895,1.1401754250993772,1.118033988749895,0.10000000000013642,5.90272,0.00105,0.0,16.667,12.5,29.167,41.667,0.08517,27.80239,35,2.997,7.45564,9.9909999999999997,47.956000000000003,42.052999999999997,9.89,-0.1690105299717182,18,40.833333333333336,8,142,1.0774700075526074,7.1830531648766884,439.10144065579794,349.99563074494114,71.114186851211073,8.4329227940976121,26.73611,29.16667,3,0,10.263,11.262,3.179,3.451,85.55858310626704,9.71843778383288,3.6330608537693005,0.7266121707538601,0.09082652134423251,0.2724795640326976
364868,2742,16,2742_16,932,12.385387921472208,0.00021,12.385387921472208,0.00021,6.891,12.38539,11543.18154,25.20317,25.20317,180.0,21,25,2.253,2.682,34.508485777139569,1.3694571870104171,0,3,8.262,8.047,65.556045219583922,67.380135051960337,84.805571092264017,90.0,90.0,90.0,90.0,97.573850127074763,104.11892130306262,161.69438680279936,1.208304597359478,1.300000000000042,0.0999999999999659,1.1999999999999993,1.1999999999999993,1.1999999999999993,1.1999999999999993,1.1180339887500372,1.5033296378373,1.252996408614179,12.46772,0.00017,35.0,40.0,20.0,0.0,5.0,0.56721,43.51878,38,9.696,12.78093,3.2189999999999999,49.677999999999997,47.103000000000002,0.0,0,8,106.875,8,264,1.1132348521949382,22.722135547133281,1371.1626149557317,1435.5255491057869,0.25,0.5,32.11517,31.56146,6,4,12.339,12.661,4.614,3.219,83.36909871244636,14.377682403433477,1.3948497854077253,0.6437768240343348,0.1072961373390558,0.1072961373390558
364869,2742,160,2742_160,362,8.3749214349796652,-0.0,8.3749214349796652,-0.0,8.287,8.37492,3031.72156,17.34042,17.34042,180.0,5,4,1.381,1.105,41.213398140238588,0.96971513453305802,0,0,6.906,9.116,73.300755765996811,73.442928624357265,75.963756532073518,100.30484646876603,105.25511870305778,111.80140948635632,169.47921568612486,180.0,180.0,180.0,1.0440306508911072,1.2206555615733636,0.4123105625617661,1.118033988749895,1.140175425099138,0.09999999999990905,1.1704699910719858,0.1414213562373094,0.1414213562373094,0.1414213562373094,8.60278,0.0009,0.0,37.5,25.0,12.5,25.0,0.13004,49.1462,12,5.314,11.12647,2.762,56.905999999999999,40.331000000000003,5.0,-0.836187262271822,3,82.333333333333329,25,169,7.8393940675801135,12.960477230489275,817.59158732488663,1002.4021254122584,13.4,3.6606010435446255,33.82353,25.73529,1,1,10.221,12.707,3.315,2.762,85.35911602209944,10.220994475138122,2.2099447513812156,0.8287292817679558,0.27624309392265195,1.1049723756906078
364870,2742,161,2742_161,905,5.2582541780616268,-0.0,5.2582541780616268,-0.0,6.065,5.25825,4758.72003,23.56374,23.56374,180.0,11,15,1.215,1.657,46.211823772378125,1.2217590802893485,0,2,5.414,8.066,105.25511870305529,105.25511870305529,105.25511870305529,105.25511870305678,105.2551187030663,110.85445803957705,174.40066066347833,177.08916217384578,177.51044707801756,179.99999879258175,0.1999999999998181,0.1999999999998181,0.1999999999998181,1.1401754250990384,0.10000000000013642,2.247220505424428,1.1401754250991478,1.8681541692268966,0.31622776601676605,1.1401754250990384,5.23753,0.0,10.0,15.0,10.0,5.0,60.0,0.0,37.31702,24,5.594,10.22015,35.359000000000002,36.353999999999999,28.286999999999999,0.0,0,5,75.799999999999997,9,171,0.37151043390187832,17.087016963193001,897.12571564441464,936.78392095097547,3312.899408284024,57.557791898960339,24.73118,21.72043,5,3,8.066,10.829,3.204,3.094,89.17127071823204,7.18232044198895,1.7679558011049723,1.3259668508287292,0.0,0.5524861878453039
364871,2742,162,2742_162,426,6.7780199872381566,0.02019,6.7780199872381566,0.02019,9.002,6.77802,2887.43651,16.76007,16.76007,115.017,11,10,2.582,2.347,30.527083550252659,0.74649245900599759,0,1,3.991,4.46,68.198590513643694,69.274441134439229,70.167870149790602,70.559965171817552,74.931511840538334,89.999999999973952,98.130102354160101,105.25511870305705,108.43494882292201,115.01689347803963,1.0770329614269345,0.6324555320336781,0.5385164807134672,1.1401754250991305,1.2041594578792671,1.118033988749895,0.31622776601684494,2.000000000000011,0.14142135623750243,1.1704699910718304,6.80115,0.01241,0.0,33.333,0.0,22.222,44.444,0.06056,27.42958,13,3.564,8.75215,11.737,46.244,42.018999999999998,0.0,0,6,48.333333333333336,10,167,1.0494260455497677,13.115331549055345,671.77260378004553,464.44219498653365,128.13888888888889,11.319844914524619,36.47416,35.25836,2,2,7.042,8.216,2.347,1.174,78.87323943661971,15.492957746478874,4.460093896713615,1.1737089201877935,0.0,0.0
364872,2742,163,2742_163,531,5.5982240903345613,-0.0,5.5982240903345613,-0.0,12.294,5.59822,2972.65699,24.9996,24.9996,180.0,14,7,2.637,1.318,42.705178936469324,1.0281084166249965,0,0,4.52,6.78,108.43494882292201,109.98310652189855,116.56505117707799,116.56505117707799,120.96375653206971,125.53767779196075,153.43494882289596,171.86989764582708,173.65980825408855,180.0,0.14142135623750243,0.1999999999999318,0.10000000000002274,0.10000000000002274,0.09999999999990905,0.28284271247460296,0.10000000000013642,0.14142135623726126,0.14142135623734164,0.09999999999990905,5.69071,0.00029,0.0,18.182,18.182,18.182,45.455,1.92902,78.13485,21,3.238,7.67919,3.766,55.555999999999997,40.677999999999997,11.0,-0.17244174748684302,10,28.600000000000001,7,69,0.090783439178511283,32.141422941841988,335.33527555283854,287.09957028741229,12.530612244897958,3.5398604838182477,34.54545,20.77922,1,1,7.345,10.169,1.507,2.26,77.21280602636534,14.689265536723164,3.5781544256120528,3.2015065913371,0.5649717514124294,0.7532956685499058
364873,2742,164,2742_164,518,6.1732227522106227,-0.0,6.1732227522106227,-0.0,6.884,6.17322,3197.72939,20.00025,20.00025,180.0,6,9,1.158,1.737,37.282961778230032,1.8025329737649805,0,3,4.44,5.212,71.565051177053562,71.565051177092101,76.328692867805884,78.690067525951179,97.125016348878091,104.03624346788959,116.56505117707799,180.0,180.0,180.0,1.118033988749895,1.3416407864998992,2.408318915758421,0.14142135623724117,1.0816653826391511,1.1661903789690133,0.20000000000004547,0.14142135623740196,0.14142135623740196,0.14142135623740196,6.20642,2e-05,9.091,9.091,27.273,18.182,36.364,0.02749,28.56471,18,3.701,9.64032,25.097000000000001,41.119999999999997,33.783999999999999,15.0,-0.24274579088984527,4,71.75,9,116,0.2216812478914037,6.3743944128349179,548.5426185253508,783.75002886297409,381.484375,19.531624996400069,33.23263,31.41994,3,3,6.564,7.722,1.931,1.737,87.45173745173746,8.88030888030888,2.3166023166023164,0.5791505791505791,0.0,0.7722007722007722
364874,2742,165,2742_165,462,10.988928792790801,0.0,10.988928792790801,0.0,6.746,10.98893,5076.8851,24.93933,24.93933,180.0,7,9,1.515,1.948,49.674353077882365,1.1388985472600619,0,1,8.225,9.74,52.431407971171545,54.352979250114203,57.607489037764445,90.0,95.194428907730014,95.19442890773054,95.19442890773054,108.00416160591858,174.80557109226942,180.0,0.1999999999998181,1.345362404707432,4.219004621945625,0.09999999999990905,1.1045361017187405,1.1045361017186273,1.1045361017186273,2.28473193175908,1.099999999999909,0.1999999999998181,11.15054,0.00053,30.0,30.0,30.0,0.0,10.0,0.13178,82.48355,13,5.609,12.16796,0.0,50.433,49.567,15.0,-0.4253009106558848,4,95.5,79,129,28.741188123935288,14.47014161658708,329.01914443957787,1258.0745389432873,5.583333333333333,2.3629078131263039,30.45564,30.21583,3,3,10.606,12.554,3.247,2.814,85.28138528138528,11.688311688311689,1.2987012987012987,1.0822510822510822,0.0,0.6493506493506493
364875,2742,166,2742_166,600,3.319364740959784,0.02493,3.319364740959784,0.02493,8.959,3.31936,1991.61884,18.31721,18.31721,180.0,6,6,1.0,1.0,22.475284383139652,0.47116923935641231,0,1,2.667,3.833,108.43494882292212,110.55604521958334,115.01689347809977,155.55604521958347,158.19859051364537,179.99999914622637,180.0,180.0,180.0,180.0,1.1180339887498945,1.2083045973594568,1.170469991071962,0.10000000000000009,0.7615773105863625,1.170469991071962,0.1,0.1,0.1,0.1,3.22875,0.02391,0.0,7.692,15.385,0.0,76.923,0.00101,32.51176,22,2.351,6.37407,38.332999999999998,33.5,28.167000000000002,0.0,0,2,90.0,34,146,1.9990844405232442,25.591240922067296,530.76899699117791,685.10660869602168,3796.359375,61.61460358551372,36.33441,34.0836,1,1,5.667,6.667,1.0,1.0,80.5,14.333333333333334,3.0,0.8333333333333334,0.3333333333333333,1.0
364876,2742,167,2742_167,673,5.6214369109887086,0.00021,5.6214369109887086,0.00021,13.049,5.62144,3783.22704,20.74247,20.74247,180.0,10,14,1.486,2.08,34.308704113723202,0.71852411728177024,0,0,6.389,6.389,94.398705354995599,97.125016348892288,127.8749836510917,134.99999999999795,153.43494882290898,172.37185033141836,179.99999879258175,179.99999879258175,179.99999879258175,179.99999879258175,0.22360679774998216,1.1401754250991305,0.09999999999990905,0.09999999999990905,0.22360679774992814,1.0630145812734286,0.14142135623730148,0.14142135623730148,0.14142135623730148,0.14142135623730148,5.68933,0.0001,14.286,0.0,14.286,7.143,64.286,0.52645,29.29263,22,3.158,7.38053,7.4290000000000003,47.994,44.576999999999998,12.0,-0.08504334033021896,8,49.5,11,138,0.093929211643786301,20.614825749336578,598.17524042418188,453.47525310699416,29.633136094674555,5.4436326193705025,31.56863,32.7451,1,1,9.361,10.104,2.229,2.972,73.69985141158989,16.047548291233284,8.172362555720653,0.7429420505200595,0.4457652303120357,0.8915304606240714
364877,2742,168,2742_168,852,3.8991252370828273,0.00127,3.8991252370828273,0.00127,15.442,3.89913,3322.0547,17.54138,17.54138,180.0,12,9,1.408,1.056,17.096575906670548,0.84759265065167977,0,1,6.455,9.038,122.47119229085231,124.99202019855863,126.25383773744403,127.87498365109818,127.87498365110071,131.6335393365693,131.63353933656933,134.99999999999164,143.42696902148569,173.08877288098154,0.10000000000013642,1.2206555615733699,0.2828427124746833,0.09999999999999964,0.10000000000013642,1.2041594578791823,0.10000000000013642,1.5297058540778266,1.2206555615733963,1.140175425099098,3.93468,0.00029,0.0,5.556,11.111,16.667,66.667,0.10961,19.66744,27,2.861,5.26476,2.347,53.637999999999998,44.014000000000003,11.8,-0.18132561877030554,10,44.299999999999997,7,134,0.076436467691401014,7.1507739811135496,413.19352925392656,314.24362291235349,10.177295918367346,3.1901874425129546,32.85486,30.14354,2,1,9.977,12.676,2.113,3.169,69.60093896713614,17.136150234741784,9.624413145539906,2.347417840375587,1.056338028169014,0.2347417840375587
364878,2742,169,2742_169,609,11.773941614244892,0.0,11.773941614244892,0.0,5.92,11.77394,7170.33044,22.99239,22.99239,180.0,13,15,2.135,2.463,42.611178995715278,1.4037590982493728,0,2,7.882,8.046,65.556045219572752,65.556045219572752,70.382277005248937,71.547378204315095,74.744881296949259,79.695153531226666,92.148752134599647,93.179830119929875,95.194428907734263,106.26020470818743,1.2083045973589603,1.2083045973589603,5.664803615307589,8.002499609497024,0.20000000000004547,0.10000000000002274,6.774215821776698,1.1401754250994771,0.10000000000002274,1.118033988749366,11.87156,0.00018,46.154,7.692,30.769,7.692,7.692,0.85472,27.60489,19,9.712,12.86964,4.9260000000000002,46.305,48.768000000000001,7.0,-1.6547387023950886,1,544.0,544,544,29.57697036316279,29.57697036316279,0.0,7161.4499941427448,77.555555555555557,8.8065632090819381,28.00718,33.21364,5,3,12.151,12.972,3.612,3.941,88.3415435139573,9.35960591133005,1.477832512315271,0.6568144499178982,0.0,0.16420361247947454
364879,2742,17,2742_17,294,2.4868795434768414,0.00034,2.4868795434768414,0.00034,9.074,2.48688,731.14259,12.57179,12.57179,180.0,4,5,1.361,1.701,12.142028775692198,0.6476712898203999,0,0,2.041,6.463,85.236358309273754,85.236358309273754,94.763641690726246,94.763641690726246,95.194428907734519,95.194428907734519,95.194428907734519,95.19442890773486,130.23635830927375,171.81219798809587,1.204159457879229,1.204159457879229,1.204159457879229,1.204159457879229,0.19999999999999574,0.19999999999999574,0.19999999999999574,1.1045361017187276,0.14142135623730942,1.2165525060596465,2.56662,0.00073,0.0,0.0,0.0,16.667,83.333,0.02843,18.0362,12,3.084,5.04833,30.611999999999998,43.197000000000003,26.190000000000001,9.67,-0.7041237637829295,4,25.5,7,61,2.118168001364515,7.1105949649886107,150.70716666405505,172.77033417143605,87.555555555555557,9.3571125650788005,34.02778,22.91667,0,0,3.401,8.503,1.02,1.361,81.97278911564626,12.585034013605442,2.380952380952381,2.0408163265306123,0.3401360544217687,0.6802721088435374
364880,2742,170,2742_170,642,14.407446936308345,0.00031,14.407446936308345,0.00031,7.4,14.40745,9249.58093,26.70019,26.70019,180.0,22,21,3.427,3.271,66.231687730730329,1.7438654108976428,0,1,3.427,4.05,90.0,90.0,90.0,90.0,90.0,103.46520809480589,115.01689347820367,153.83843355796091,168.49518467374105,168.6900675259898,0.0999999999994543,0.0999999999994543,0.0999999999994543,0.0999999999994543,0.0999999999994543,0.316227766016827,1.1704699910720635,1.360147050873394,1.1045361017187487,0.0999999999994543,14.5149,0.00031,50.0,28.571,14.286,0.0,7.143,0.07353,61.4599,14,7.759,15.74066,9.3460000000000001,49.377000000000002,41.277000000000001,13.5,-0.3901500775412745,7,79.0,6,197,0.32463535293136919,24.663293362165572,1354.2520397987753,1315.1525887401403,115.6875,10.755812382149477,36.2862,29.81261,2,2,6.542,7.944,1.713,1.246,87.38317757009345,8.878504672897197,1.8691588785046729,1.2461059190031152,0.4672897196261682,0.1557632398753894
364881,2742,171,2742_171,190,0.023300558906249189,-0.0,0.023300558906249189,-0.0,0.0,0.0233,4.42711,1.11803,1.11803,0.0,0,0,0.0,0.0,0.019457083954656406,0.039999999999999987,0,0,0.0,1.579,0,0,0,0,0,0,0,0,0,0,0,0,0,0,0,0,0,0,0,0,0.02384,-0.0,0.0,0.0,0.0,0.0,100.0,0.00042,0.02727,3,0.142,1.10904,84.210999999999999,13.683999999999999,2.105,0.0,0,0,0,0,0,0,0,0.0,0.0,636.1875,25.222757581200355,0.0,0.0,0,0,0.0,1.579,0.0,0.0,100.0,0.0,0.0,0.0,0.0,0.0
364882,2742,172,2742_172,415,7.7612301264577965,0.04027,7.7612301264577965,0.04027,9.363,7.76123,3220.9105,16.71077,16.71077,177.879,12,7,2.892,1.687,18.11728282777835,1.1592270563649199,0,1,8.434,7.952,78.690067525977284,83.418055344827081,88.451842301026701,90.0,109.98310652189951,119.74488129695013,153.43494882292202,161.5650511770682,161.56505117707408,161.56505117707678,0.509901951359283,0.22360679774995354,1.170469991071976,0.10000000000002274,0.1999999999999318,0.14142135623732158,0.2236067977500298,0.14142135623730148,0.6324555320336916,0.1414213562373266,7.69735,0.03044,0.0,0.0,55.556,22.222,22.222,1.1727,29.52116,12,5.262,8.82863,2.4100000000000001,54.698999999999998,42.892000000000003,13.5,-0.5644195913525876,5,32.399999999999999,16,51,4.2514640834957795,7.5830115006374603,113.23480382695517,277.63414056647287,32.559999999999995,5.7061370470748418,32.69231,23.9011,1,1,12.53,13.012,3.133,3.614,80.24096385542168,14.698795180722891,3.1325301204819276,0.7228915662650602,0.963855421686747,0.24096385542168675
364883,2742,173,2742_173,1297,8.9118063346854939,0.0,8.9118063346854939,0.0,8.743,8.91181,11558.61282,29.11718,29.11718,180.0,31,24,2.39,1.85,53.209599911656255,1.2622726117679572,0,3,7.325,8.79,116.56505117707799,116.56505117707799,120.96375653207448,126.25383773744744,140.24713890161388,153.43494882292853,168.69006752591216,175.2363583092727,175.23635830927557,177.95459151110407,0.10000000000002274,0.10000000000002274,1.1661903789690717,0.14142135623734164,1.2206555615733636,0.10000000000002274,0.360555127546607,1.118033988749895,1.0770329614269134,1.2529964086141432,8.94398,2e-05,10.714,28.571,25.0,7.143,28.571,0.09031,104.96387,43,5.836,11.12065,8.4809999999999999,50.655000000000001,40.863999999999997,9.5,-0.5243838282986706,15,62.466666666666669,5,236,0.20224259497753766,16.678341454791379,979.10965333046738,763.37399856410707,119.01543209876546,10.90941942079254,31.69557,25.81888,4,3,11.025,12.028,3.315,3.392,81.0331534309946,14.417887432536624,2.8527370855821124,1.002313030069391,0.3855050115651503,0.3084040092521203
364884,2742,174,2742_174,941,8.1876688301683327,0.0,8.1876688301683327,0.0,9.316,8.18767,7704.59637,24.68542,24.68542,180.0,24,23,2.55,2.444,43.496191773611073,1.6835181369761012,0,2,7.758,7.758,97.43140797117205,100.30484646876813,110.55604521961648,119.74488129693221,122.19573393474607,149.03624346792168,180.0,180.0,180.0,180.0,0.09999999999999432,0.09999999999990905,0.14142135623726126,0.14142135623718088,2.25610283453574,0.14142135623732158,0.14142135623726126,0.14142135623726126,0.14142135623726126,0.14142135623726126,8.17551,2e-05,15.0,5.0,40.0,15.0,25.0,2.99121,80.45367,37,6.376,9.96779,10.627000000000001,46.015000000000001,43.357999999999997,10.75,-0.47650484370467644,14,48.571428571428569,8,187,0.44299557815096124,28.363776573376093,759.17412229113586,543.24748713066651,175.859375,13.261198098211187,29.14508,29.40415,7,2,10.84,12.54,3.082,2.976,78.53347502656749,16.896918172157278,3.08182784272051,0.7438894792773645,0.21253985122210414,0.5313496280552603
364885,2742,175,2742_175,285,8.1477808519339501,-0.0,8.1477808519339501,-0.0,4.079,8.14778,2322.11754,13.06139,13.06139,108.435,3,5,1.053,1.754,22.256860171314596,1.0716190868935291,0,1,5.965,7.368,21.735488183139385,24.22506544052327,25.144785630678626,27.106583061804663,29.113896019452941,30.383000489284999,41.223748695872857,61.557071375644917,63.43494882292201,90.000000000006523,6.754257916307372,6.264982043070834,2.420743687382023,6.074537019394934,1.252996408614098,3.634556369077272,7.741446893184944,0.4472135954999579,0.10000000000002274,2.23606797749979,8.27467,5e-05,0.0,16.667,66.667,0.0,16.667,0.25637,10.95572,6,6.332,9.92091,24.561,38.595999999999997,36.841999999999999,0.0,0,1,221.0,221,221,5.2398675171758562,5.2398675171758562,0.0,2307.187493593362,342.25,18.5,31.62393,34.18803,1,1,8.772,8.421,3.509,2.456,91.2280701754386,7.368421052631579,0.7017543859649122,0.7017543859649122,0.0,0.0
364886,2742,176,2742_176,1136,5.4390644399412862,-0.0,5.4390644399412862,-0.0,6.051,5.43906,6178.7772,20.35018,20.35018,180.0,7,10,0.616,0.88,45.390319215349272,0.97046387132819878,0,3,4.489,6.602,100.30484646876343,100.30484646876343,100.30484646876343,100.30484646876343,100.30484646876916,105.25511870305928,153.43494882289596,169.69515353123654,180.0,180.0,1.1180339887497932,1.1180339887497932,1.1180339887497932,1.1180339887497932,0.10000000000002274,1.1401754250992875,0.10000000000002274,1.099999999999909,0.1999999999999318,0.1999999999999318,5.41859,0.00015,8.0,24.0,4.0,4.0,60.0,0.00163,25.25956,32,3.824,10.88505,32.57,37.764000000000003,29.664999999999999,8.0,-0.29992510845561143,5,95.799999999999997,7,257,0.18644524319842451,12.596594023635395,1470.3892595863956,1216.516945116939,501.94387755102031,22.40410403365911,29.68198,31.9788,4,3,6.162,9.507,2.377,2.113,88.20422535211267,7.570422535211268,2.464788732394366,1.3204225352112675,0.176056338028169,0.2640845070422535
364887,2742,177,2742_177,799,13.562188758495182,0.00013,13.562188758495182,0.00013,4.034,13.56219,10836.18882,25.45663,25.45663,180.0,16,18,2.003,2.253,44.306397781074587,0.84439162911603016,0,1,3.88,4.756,32.155977231560442,38.367931040985653,45.000000000130271,45.930476096079587,71.565051177051942,84.805571092292965,95.194428907707049,100.30484646876916,109.98310652192662,115.01689347820367,4.854894437575313,5.846366392897421,0.1999999999998181,4.675467891024324,0.1999999999998181,1.104536101718586,0.0999999999994543,1.1180339887498134,1.1704699910720635,0.1414213562368593,13.6525,1e-05,47.059,11.765,35.294,0.0,5.882,1.38933,34.98153,17,9.498,14.70055,6.258,50.438000000000002,43.304000000000002,0.0,0,2,364.0,311,417,11.597200529880704,24.888314423153613,1929.6683148390705,5414.1149950954104,72.25,8.5,40.29851,36.22795,2,2,6.508,8.01,1.752,1.627,93.86733416770964,5.006257822277847,0.5006257822277848,0.5006257822277848,0.0,0.1251564455569462
364888,2742,178,2742_178,297,3.142642662518337,0.00048,3.142642662518337,0.00048,16.539,3.14264,933.36487,14.01178,14.01178,180.0,5,4,1.684,1.347,18.754167466090031,0.95354829108955241,0,1,1.684,4.377,99.462322208022542,99.462322208022542,99.462322208027814,99.462322208027814,100.30484646876813,111.80140948635069,119.74488129695476,180.0,180.0,180.0,1.2165525060596214,1.2165525060596214,1.2165525060596403,1.2165525060596403,1.1180339887499253,1.0770329614268923,1.140175425099123,0.10000000000002274,0.10000000000002274,0.10000000000002274,3.08786,0.00042,0.0,0.0,16.667,0.0,83.333,0.0776,19.01517,8,1.794,5.75105,23.568999999999999,41.076999999999998,35.353999999999999,21.0,-0.4568797291891291,4,25.25,7,41,0.33640466184805218,3.7800751087654327,142.71630326213361,216.3870511198254,179.80999999999997,13.409325113517085,33.125,32.5,1,1,2.694,7.407,0.673,0.337,71.04377104377105,14.478114478114477,9.427609427609427,3.7037037037037037,0.0,1.3468013468013469
364889,2742,179,2742_179,309,9.1210024425877023,0.00366,9.1210024425877023,0.00366,10.132,9.121,2818.38975,18.88624,18.88624,136.332,8,7,2.589,2.265,34.970583050723405,2.3158505299897532,0,3,8.738,8.738,82.874983651100706,82.874983651100706,82.874983651100706,86.185925165680544,86.185925165745672,89.215175397012217,90.000000000040714,98.426969021495452,112.75097634278974,127.87498365110073,1.1401754250991478,1.1401754250991478,1.1401754250991478,0.14142135623726126,1.0630145812734606,0.6403124237432707,1.1313708498985726,1.2206555615733963,3.394112549695476,0.10000000000002274,9.24691,0.00042,0.0,33.333,66.667,0.0,0.0,8.22483,39.0721,9,7.073,10.24678,0.0,55.987000000000002,44.012999999999998,8.5,-0.7348145218350476,2,121.5,90,153,10.248148082764626,20.171587941121359,493.73345291178754,1398.1399989570969,0.55999999999999994,0.74833147735478822,35.27273,27.63636,5,3,12.298,13.269,4.207,3.56,76.05177993527508,18.446601941747574,3.883495145631068,0.970873786407767,0.6472491909385113,0.0
364890,2742,18,2742_18,732,2.985195681093062,0.0,2.985195681093062,0.0,12.434,2.9852,2185.16324,13.70146,13.70146,180.0,9,6,1.23,0.82,15.294549368534149,0.6887338967327854,0,1,5.874,6.011,153.43494882292202,153.43494882292364,153.43494882292367,161.56505117707678,168.6900675259804,175.23635830927395,175.23635830927523,180.0,180.0,180.0,1.118033988749895,0.6708203932499369,0.4472135954999579,0.31622776601684466,1.118033988749895,0.4472135954999516,0.2236067977499758,0.14142135623730398,0.14142135623730398,0.14142135623730398,3.00248,0.00017,0.0,0.0,12.5,12.5,75.0,0.00367,22.41495,23,2.239,5.42827,23.224,43.442999999999998,33.332999999999998,10.75,-0.3118776520951184,9,31.666666666666668,6,175,0.22302774071079026,6.8362672948214085,447.95475286011003,226.09339124166024,230.40816326530611,15.179201667587993,30.57644,26.06516,4,3,7.377,8.607,1.639,1.776,76.09289617486338,15.846994535519126,4.644808743169399,1.639344262295082,0.9562841530054644,0.819672131147541
364891,2742,180,2742_180,236,7.6440293630638356,0.00042,7.6440293630638356,0.00042,8.552,7.64403,1803.99093,16.51969,16.51969,180.0,4,5,1.695,2.119,27.187755774584002,1.3766268175912901,0,1,6.78,5.932,45.000000000032578,45.000000000065128,45.119615232304739,63.43494882292201,86.185925165676508,86.185925165774194,88.152389734003819,90.0,97.125016348875747,176.6890584853879,0.14142135623726126,0.10000000000002274,3.5902646142032384,0.2236067977500298,0.14142135623726126,1.0630145812735463,1.0816653826391274,0.09999999999990905,0.14142135623742205,1.1401754250991478,7.75724,0.00061,0.0,40.0,40.0,0.0,20.0,0.0677,9.75747,4,3.161,9.67862,8.4749999999999996,47.881,43.643999999999998,0.0,0,1,176.0,176,176,11.057915280254131,11.057915280254131,0.0,1792.2120678867363,102.88888888888887,10.143416036468626,34.94624,29.56989,1,1,9.746,11.017,2.966,2.542,84.7457627118644,9.745762711864407,3.8135593220338984,0.847457627118644,0.0,0.847457627118644
364892,2742,181,2742_181,814,12.422973373245917,-0.0,12.422973373245917,-0.0,6.471,12.42297,10112.30033,35.47746,35.47746,94.764,23,23,2.826,2.826,81.646317334207737,1.1126435058625928,0,1,3.931,3.808,71.565051177064959,75.9637565320633,75.963756532065858,80.537677791981423,80.537677791983185,90.0,90.0,90.0,90.0,94.763641690743256,1.099999999999909,0.1999999999998181,1.2369316876853864,1.2165525060594347,1.216552506059659,1.1000000000000227,1.1000000000000227,1.1000000000000227,1.1000000000000227,1.2041594578793051,12.5208,1e-05,27.778,27.778,11.111,16.667,16.667,0.00273,33.2945,27,9.546,13.51522,6.1429999999999998,49.386000000000003,44.472000000000001,7.0,-0.6258198536482963,8,87.25,5,457,0.66932417398395194,59.190225926524136,2653.8348351042796,1258.3059917575722,482.0,21.95449840010015,37.56684,33.55615,2,1,7.985,8.845,1.72,1.72,86.97788697788698,9.45945945945946,2.8255528255528257,0.7371007371007371,0.0,0.0
364893,2742,182,2742_182,380,7.453876517608423,0.0,7.453876517608423,0.0,9.915,7.45388,2832.47308,16.81814,16.81814,175.601,9,9,2.368,2.368,24.305777491824674,0.85198089283138967,0,1,6.579,6.316,53.965799999950654,57.094757076998924,57.094757077029314,63.43494882292201,68.198590513649307,89.999999999973952,94.763641690714266,110.55604521954912,110.55604521954912,110.55604521954912,2.2472205054244285,0.31622776601687386,1.2806248474866833,0.10000000000002274,0.10000000000002274,1.118033988749895,1.0770329614268923,0.14142135623726126,0.14142135623726126,0.14142135623726126,7.58966,0.00034,0.0,12.5,62.5,0.0,25.0,0.17239,28.77173,15,5.59,8.72604,5.2629999999999999,49.210999999999999,45.526000000000003,0.0,0,4,75.25,11,148,1.4797496361452809,7.0735654423259433,604.1704326236104,700.40577213258393,4.1600000000000001,2.0396078054371141,36.11111,34.25926,1,1,9.737,11.316,1.842,2.895,75.52631578947368,20.0,3.1578947368421053,1.0526315789473684,0.0,0.2631578947368421
364894,2742,183,2742_183,834,6.2158177715109524,-0.0,6.2158177715109524,-0.0,8.156,6.21582,5183.99202,29.16196,29.16196,180.0,15,19,1.799,2.278,25.171571062064046,1.0006551893927571,0,1,7.674,9.832,89.99999999992184,90.0,90.0,90.000000000117254,94.398705354994192,101.30993247402107,101.30993247405445,114.44395478041611,116.56505117707799,180.0,1.118033988749895,0.10000000000002274,0.10000000000002274,0.22360679774967393,1.3038404810404818,1.081665382639159,1.081665382639285,0.0999999999999659,1.118033988749895,0.14142135623724117,6.27076,1e-05,5.556,5.556,38.889,11.111,38.889,0.43037,57.05513,27,4.127,7.47827,4.7960000000000003,49.520000000000003,45.683,5.0,-0.7375829290742284,8,79.875,8,297,1.2727901233966243,26.872180975861237,902.68983246883522,640.48466453018727,59.972222222222221,7.7441734369926287,30.0578,30.78035,4,1,12.35,14.149,3.357,3.957,78.17745803357315,18.345323741007196,2.278177458033573,0.9592326139088729,0.0,0.23980815347721823
364895,2742,184,2742_184,545,8.2976935000169547,-0.0,8.2976935000169547,-0.0,8.138,8.29769,4522.24296,30.51246,30.51246,180.0,11,10,2.018,1.835,36.987823864180051,2.3772413984925467,0,4,7.706,6.972,64.964327178256625,66.801409486357542,69.290962408353906,70.866356794094941,73.300755766005778,73.739795291690129,85.23635830927546,87.336999233934179,95.194428907735883,161.56505117707471,0.7280109889280943,1.2041594578793051,1.2041594578792294,0.2236067977500298,0.10000000000002274,1.1180339887499253,0.10000000000002274,1.0440306508910582,1.1045361017187507,0.3162277660168559,8.24953,8e-05,8.333,25.0,25.0,16.667,25.0,0.00338,41.08831,12,4.881,9.7181,9.1739999999999995,47.706000000000003,43.119,29.5,-0.11632612276363884,6,69.5,6,177,0.11757839753492712,12.322153888211885,686.15954030792966,744.90898807912072,366.88888888888886,19.154343864744856,32.47312,28.60215,4,4,12.661,11.927,2.936,3.303,78.34862385321101,18.165137614678898,2.9357798165137616,0.1834862385321101,0.1834862385321101,0.1834862385321101
364896,2742,185,2742_185,345,11.924218561958659,0.0,11.924218561958659,0.0,6.348,11.92422,4113.8554,26.16811,26.16811,165.964,9,10,2.609,2.899,66.141504440263745,2.6265107342697509,0,1,6.087,6.087,45.0,56.023455963727322,71.012375912116966,74.525394874113317,75.774036101249862,79.695153531235022,79.695153531235022,90.0,94.763641690731561,149.03624346791497,0.10000000000002274,0.4123105625617219,2.3853720883753495,4.802082881417207,1.2041594578795127,1.118033988750261,1.118033988750261,0.20000000000004547,0.10000000000013642,0.14142135623718088,12.20558,5e-05,57.143,14.286,14.286,0.0,14.286,2.36145,42.3153,6,5.376,14.52289,11.593999999999999,43.188000000000002,45.216999999999999,13.0,-0.6421407243328681,2,136.5,66,207,29.517410680946529,38.869764626786079,1228.9103897158632,2037.7346469397651,326.88888888888891,18.080068829760823,29.68198,33.5689,1,1,11.014,8.986,2.609,2.609,85.5072463768116,11.304347826086957,2.028985507246377,0.5797101449275363,0.5797101449275363,0.0
364897,2742,186,2742_186,503,8.4616489647026185,0.00028,8.4616489647026185,0.00028,10.524,8.46165,4256.20943,20.97546,20.97546,180.0,13,11,2.584,2.187,31.824393418425455,0.99425824813866959,0,0,6.759,6.362,89.999999999997456,90.000000000000639,90.000000000025949,90.000000000026461,97.125016348896537,97.125016348900601,97.125016348900687,110.55604521958799,118.68614757373858,134.9999999999996,0.14142135623733162,1.1313708498984847,0.14142135623725122,1.1313708498985322,0.14142135623732158,0.14142135623733162,1.0816653826391953,1.208304597359478,0.49999999999998007,0.10000000000000142,8.58807,0.00037,0.0,27.273,45.455,9.091,18.182,0.40769,43.86863,16,5.273,9.48996,3.976,49.304000000000002,46.719999999999999,17.0,-0.6984492377140155,4,97.75,39,206,32.780625364126628,7.4748423875846184,665.8871933311583,1050.7969586524237,3.2000000000000002,1.7888543819998317,33.92857,31.69643,2,2,10.736,11.332,2.584,2.386,78.72763419483101,14.711729622266402,4.572564612326044,1.5904572564612327,0.1988071570576541,0.1988071570576541
364898,2742,187,2742_187,490,6.8059401148821417,0.00091,6.8059401148821417,0.00091,22.142,6.80594,3334.91066,18.73206,18.73206,180.0,10,10,2.041,2.041,39.747281193454398,1.4632980973193688,0,1,6.327,8.367,161.56505117708599,161.56505117709224,162.81041544384385,164.74488129694271,169.45193458185619,173.45370921670497,179.99999879258175,179.99999879258175,179.99999879258175,179.99999879258175,0.44721359549993767,0.1414213562373266,1.2083045973594568,0.14142135623734164,1.2206555615733963,1.1401754250991256,0.1414213562373266,0.1414213562373266,0.1414213562373266,0.1414213562373266,6.80402,0.00352,10.0,40.0,0.0,0.0,50.0,0.25571,18.00366,19,5.186,7.43348,2.0409999999999999,52.040999999999997,45.917999999999999,3.0,-0.6655845111225246,3,90.0,12,160,1.8994805735999132,12.660718384148824,802.62169049008241,1068.3041009221513,5.333333333333333,2.3094010767585029,36.38393,29.91071,3,1,11.633,14.082,2.449,2.653,66.93877551020408,14.081632653061224,12.244897959183673,3.877551020408163,1.6326530612244898,1.2244897959183674
364899,2742,188,2742_188,267,5.8905772964377787,0.0,5.8905772964377787,0.0,9.141,5.89058,1572.78414,23.46103,23.46103,127.875,4,4,1.498,1.498,45.576567279485779,1.6030097000402317,0,1,2.996,2.622,48.814074834296697,52.12501634890954,57.994616791941326,60.255118703064042,63.434948822943184,65.224859431174423,82.874983651075397,82.874983651107968,82.874983651140539,90.0,0.09999999999999432,1.61245154965971,0.1414213562372437,0.36055512754642177,0.22360679774994083,1.118033988749895,0.14142135623724117,1.1401754250991705,1.1401754250991705,0.09999999999990905,5.85459,9e-05,20.0,0.0,20.0,20.0,40.0,0.07576,34.40956,11,4.927,9.78384,22.472000000000001,43.445999999999998,34.082000000000001,13.5,-0.2794146529641236,2,74.0,72,76,4.6115424696487741,30.067025398722595,327.21974336882147,775.60877516748258,95.805555555555543,9.7880312400173484,40.625,33.125,1,1,5.618,7.491,2.247,1.124,74.53183520599251,20.224719101123597,4.49438202247191,0.37453183520599254,0.37453183520599254,0.0
364900,2742,189,2742_189,1745,8.078797254436175,0.0,8.078797254436175,0.0,9.874,8.0788,14097.50121,23.53041,23.53041,180.0,38,35,2.178,2.006,45.47138449191511,0.60131485430341358,0,2,2.579,3.725,180.0,180.0,180.0,180.0,180.0,180.0,180.0,180.0,180.0,180.0,0.2000000000007276,0.2000000000007276,0.2000000000007276,0.2000000000007276,0.2000000000007276,0.2000000000007276,0.2000000000007276,0.2000000000007276,0.2000000000007276,0.2000000000007276,8.10302,2e-05,13.158,28.947,18.421,5.263,34.211,0.0512,52.68809,47,3.563,10.70877,17.765000000000001,43.667999999999999,38.567,10.5,-0.5476496843489039,10,115.3,11,280,3.4786038041047078,22.519604667338626,1423.5768876114078,1390.6439520297442,100.15976331360945,10.007984977687039,38.76618,37.09063,3,2,4.756,6.762,1.203,0.917,83.3810888252149,9.97134670487106,4.355300859598854,0.7449856733524355,0.28653295128939826,1.2607449856733524
364901,2742,19,2742_19,305,9.8353282965784228,0.0,9.8353282965784228,0.0,4.567,9.83533,2999.77513,22.90589,22.90589,149.036,5,6,1.639,1.967,52.000546806720514,1.4456511179889271,0,1,8.852,8.197,23.673781580854929,24.001280965607847,28.050393747623975,28.072486935851593,28.659194368856713,33.064508735954277,48.366460663426651,52.125016348902427,53.130102354152726,105.25511870305529,1.6999999999999786,1.3152946437965352,6.8308125431752265,2.400000000000091,2.1400934559033473,8.486459803710849,1.2041594578792578,0.10000000000002274,1.118033988749895,1.1401754250991478,10.0561,0.0,33.333,16.667,33.333,0.0,16.667,6.38663,17.68266,7,9.777,12.34284,16.393000000000001,47.540999999999997,36.066000000000003,0.0,0,3,73.666666666666671,44,113,11.286579228146808,24.241906975143618,566.00843997515528,992.31307678189444,0.0,0.0,34.5679,24.69136,1,1,14.426,14.754,5.574,4.59,91.14754098360656,7.213114754098361,0.9836065573770492,0.32786885245901637,0.32786885245901637,0.0
364902,2742,190,2742_190,1247,8.8619953472288326,-0.0,8.8619953472288326,-0.0,10.956,8.862,11050.9082,26.91059,26.91059,180.0,24,25,1.925,2.005,67.827380085582206,1.6995834716611753,0,5,5.373,7.378,116.56505117707799,127.87498365110221,137.64254529407557,139.02826366650078,146.88865803964194,161.56505117694775,161.5650511771735,165.96375653195858,180.0,180.0,1.118033988749895,0.1999999999998181,1.2083045973597883,1.236931687685607,1.2041594578790784,0.1414213562368593,0.14142135623750243,0.1414213562368593,0.4472135954995512,0.4472135954995512,8.85837,0.00012,22.222,14.815,3.704,14.815,44.444,0.98567,34.16598,35,5.013,10.72135,2.4060000000000001,52.045000000000002,45.548999999999999,11.33,-0.4330263731459594,16,50.6875,6,237,0.30430281652131447,13.500532985083241,1314.5834591561184,675.09266678698532,11.928994082840237,3.4538375877913308,34.20797,31.3897,10,6,9.703,12.189,2.326,2.807,79.63111467522053,12.18925421010425,5.533279871692061,1.8444266238973537,0.5613472333600642,0.24057738572574178
364903,2742,191,2742_191,1396,4.5357899568392073,-0.0,4.5357899568392073,-0.0,13.956,4.53579,6331.96278,22.874,22.874,180.0,21,20,1.504,1.433,30.70835731843945,0.80931113424520573,0,1,5.802,6.948,172.87498365109673,175.2363583092735,176.63353933656984,180.0,180.0,180.0,180.0,180.0,180.0,180.0,0.6324555320336849,0.22360679774999168,0.5385164807134672,0.10000000000000853,0.10000000000000853,0.10000000000000853,0.10000000000000853,0.10000000000000853,0.10000000000000853,0.10000000000000853,4.54836,1e-05,6.452,9.677,6.452,3.226,74.194,0.00122,26.13216,49,2.569,6.08174,13.609999999999999,45.988999999999997,40.401000000000003,10.0,-0.2759939256818973,20,33.899999999999999,5,123,0.12823561231429872,20.908013396637092,440.22306078071023,295.19168548292782,201.67148760330582,14.201108675145958,32.78689,31.43684,8,5,9.312,10.745,2.507,2.794,72.34957020057307,16.6189111747851,8.0945558739255,1.7908309455587392,0.35816618911174786,0.7879656160458453
364904,2742,192,2742_192,834,3.84256255973329,0.00024,3.84256255973329,0.00024,15.781,3.84256,3204.69717,13.20984,13.20984,180.0,9,11,1.079,1.319,13.233022327053931,0.64053113823828078,0,0,5.276,6.835,115.01689347814104,119.7448812969147,119.74488129691555,128.88449643371243,139.76364169076643,164.74488129694097,168.69006752596476,169.69515353123376,174.80557109226604,180.0,1.1704699910720902,1.1401754250990495,1.1401754250990506,1.1045361017188615,1.2041594578792745,0.09999999999990905,0.09999999999999432,1.1180339887498032,1.2000000000000455,0.4000000000000057,3.8877,0.00026,0.0,0.0,22.222,5.556,72.222,0.21243,15.28396,38,2.991,4.80733,9.5920000000000005,47.601999999999997,42.805999999999997,7.0,-0.7706628988971007,12,37.916666666666664,6,132,0.49826753266898943,8.5912839193377462,327.36996560960807,247.36516789864118,50.234375,7.0876212511674179,35.09036,34.33735,0,0,9.952,12.35,1.679,2.638,68.34532374100719,19.18465227817746,9.112709832134293,2.3980815347721824,0.5995203836930456,0.3597122302158273
364905,2742,193,2742_193,927,7.3305068827103161,0.00123,7.3305068827103161,0.00123,6.563,7.33051,6795.37988,29.74374,29.74374,153.435,11,13,1.187,1.402,42.465837127326317,2.0355168490797357,0,5,6.796,7.767,90.0,94.3987053549953,97.125016348888778,97.943471810587752,117.57774989049177,124.99202019855166,127.87498365109758,131.63353933656987,134.99999999993486,134.99999999999795,0.09999999999990905,0.22360679774996625,1.1401754250988787,0.3605551275463863,1.1704699910719543,1.220655561573266,1.1401754250991354,1.2041594578792119,0.09999999999990905,0.28284271247463305,7.33219,0.00028,10.0,20.0,30.0,5.0,35.0,0.00043,22.32882,30,4.866,10.8024,22.654,41.207999999999998,36.137999999999998,2.0,-0.9847822110979411,5,114.59999999999999,7,284,0.25047034789672123,14.905510378468541,1255.4780119150835,1346.5369578650757,724.74305555555554,26.921052274299299,32.32484,28.66242,5,5,10.248,11.758,2.913,3.02,85.86839266450917,9.924487594390508,3.0204962243797193,0.5393743257820928,0.6472491909385113,0.0
364906,2742,194,2742_194,388,6.9476698793366731,0.00036,6.8228317165277703,0.00036,17.163,6.94767,2695.69591,30.80162,62.3426,180.0,6,10,1.546,2.577,22.178477677221078,5.8363467324792389,0,11,13.402,11.34,101.30993247405027,108.8057901137506,116.56505117709347,117.87665262411265,127.87498365109269,127.87498365109846,140.30917805131247,150.13827669369675,169.38323961973538,173.78204227108455,1.1401754250992577,1.300000000000042,1.2649110640674057,6.592419889539825,1.1401754250991678,0.09999999999990905,13.905394636614952,22.79056822459677,3.8897300677553934,3.12569992161758,6.87176,0.00057,0.0,12.5,62.5,0.0,25.0,3.96957,24.0706,15,5.784,7.11125,0.0,51.030999999999999,48.969000000000001,11.0,-0.4996180767480261,4,72.25,13,133,0.59941397426615606,13.583724443346393,438.25962608943985,657.05380298079604,1.0,1.0,30.64516,28.22581,16,13,15.979,14.691,8.505,6.443,62.88659793814433,25.77319587628866,6.958762886597938,2.577319587628866,1.288659793814433,0.5154639175257731
364907,2742,195,2742_195,244,10.413439351408282,-0.0,10.413439351408282,-0.0,5.913,10.41344,2540.8792,18.98894,18.98894,82.875,3,7,1.23,2.869,21.834215300770953,2.239964336966092,0,1,6.967,5.328,24.483532092595343,24.919391414387366,31.114270492796102,36.070544005349909,41.52720643140195,41.63809602333513,44.504748978392996,44.999999999989143,47.935673446421276,48.494638927254108,13.430189872075506,8.784645695758028,7.580237463298894,5.1739733281107405,1.6124515496596252,7.128113354878676,8.1706792863262,0.10000000000002274,11.600000000000023,1.1401754250991478,10.54153,0.00055,20.0,40.0,40.0,0.0,0.0,2.96519,11.74081,7,9.238,11.14023,0.0,45.082000000000001,54.917999999999999,0.0,0,1,223.0,223,223,13.336630493263968,13.336630493263968,0.0,2534.4514105029662,1.0,1.0,26.75439,40.78947,1,1,12.705,10.656,3.279,2.049,84.01639344262296,14.754098360655737,1.2295081967213115,0.0,0.0,0.0
364908,2742,196,2742_196,977,4.4522270393616754,-0.0,4.4522270393616754,-0.0,11.217,4.45223,4349.82582,14.65128,14.65128,180.0,16,23,1.638,2.354,12.047572035831418,0.94821405345992971,0,1,7.369,7.267,108.43494882292201,109.98310652189998,109.98310652190003,110.55604521958391,116.56505117707799,124.2611028990968,153.43494882292367,153.43494882293177,175.27201218116247,176.59355624500364,1.118033988749895,1.1704699910719623,1.1704699910719623,1.208304597359478,0.10000000000000009,1.2806248474865414,0.22360679774997896,0.14142135623730148,1.1401754250992078,0.8544003745317578,4.4963,4e-05,0.0,0.0,4.762,52.381,42.857,1.29305,26.97291,36,3.402,5.34166,8.1880000000000006,48.209000000000003,43.603000000000002,7.4,-0.5972766159084361,18,36.5,6,163,0.61233150417399429,5.3311267101839732,263.34034387202746,231.08480295375563,118.16836734693879,10.870527464062578,30.41872,28.20197,4,2,10.645,11.054,2.764,2.456,73.6949846468782,19.651995905834188,4.094165813715455,1.9447287615148414,0.3070624360286592,0.3070624360286592
364909,2742,197,2742_197,492,8.6901726160574029,-0.0,8.6901726160574029,-0.0,6.92,8.69017,4275.56493,24.20992,24.20992,161.565,12,11,2.439,2.236,31.800066569792698,1.007459453160261,0,0,6.911,7.52,45.000000000032564,47.48955292199917,51.340191745909934,54.858073327612885,57.804266065253927,60.068488159508838,63.434948822921903,68.198590513648242,74.744881296961935,113.19859051360102,0.09999999999990905,1.1180339887498951,1.4317821063276357,2.9017236257094736,0.14142135623726126,0.31622776601705366,0.22360679774997935,1.2041594578792296,1.081665382639222,1.0770329614267657,8.85978,3e-05,10.0,20.0,40.0,10.0,20.0,1.76966,27.4079,15,7.83,9.79807,8.1300000000000008,47.357999999999997,44.512,0.0,0,6,66.5,9,178,1.9560802430003292,6.9683480545182732,835.27986811570941,706.0971312378914,36.0,6.0,31.65138,32.11009,3,0,11.585,12.398,2.846,2.846,80.6910569105691,17.073170731707318,1.829268292682927,0.2032520325203252,0.2032520325203252,0.0
364910,2742,198,2742_198,633,5.8506645206259824,0.0,5.8506645206259824,0.0,10.842,5.85066,3703.47064,19.26292,19.26292,180.0,15,16,2.37,2.528,29.168081697104135,1.0243852640298896,0,1,6.319,7.583,90.000000000026063,90.53545898557644,92.489552922022767,101.30993247399891,109.98310652190045,110.55604521956541,111.80140948635351,116.56505117707799,179.99999879258175,179.99999914622637,0.4472135954999579,0.31622776601676605,1.0295630140987795,0.14142135623722107,0.0999999999999659,1.2083045973593745,1.0770329614269134,0.09999999999990905,1.118033988749895,1.2083045973593745,5.91938,4e-05,0.0,14.286,28.571,21.429,35.714,0.12699,41.34029,23,4.328,7.11907,4.7389999999999999,53.712000000000003,41.548000000000002,8.0,-0.4600326105420646,12,32.25,5,85,0.0039945623199152264,4.4099450464472572,310.54075057546339,294.48860110462067,13.083333333333334,3.6170890690351176,34.68208,28.3237,3,1,9.953,12.164,2.054,2.054,75.5134281200632,18.167456556082147,4.581358609794629,1.263823064770932,0.0,0.47393364928909953
364911,2742,199,2742_199,1601,8.7835920035590238,-0.0,8.7835920035590238,-0.0,7.396,8.78359,14062.5308,27.13116,27.13116,180.0,34,27,2.124,1.686,66.385382220822848,0.49583314082238933,0,1,2.686,3.248,109.98310652189855,116.56505117707799,119.74488129693823,153.43494882292202,153.43494882292208,161.56505117707798,179.99999879258175,180.0,180.0,180.0,0.19999999999998863,0.22360679774997907,1.1401754250995368,0.22360679774997913,0.14142135623730953,0.1414213562373094,0.14142135623730953,0.09999999999999998,0.09999999999999998,0.09999999999999998,8.838,9e-05,22.857,17.143,17.143,2.857,40.0,0.00705,52.99922,61,5.184,12.56678,24.359999999999999,40.475000000000001,35.165999999999997,12.0,-0.7486213090688832,8,130.5,9,486,1.1478576744722711,33.136013196161088,2697.4362583331226,1742.9219280796638,961.68888888888898,31.011109120585949,40.23297,37.5448,1,1,4.872,5.559,0.937,0.937,83.57276702061212,12.742036227357902,2.31105559025609,0.8744534665833854,0.18738288569643974,0.3123048094940662
364912,2742,2,2742_2,417,10.572581560178993,0.00034,10.572581560178993,0.00034,4.354,10.57258,4408.76651,22.4183,22.4183,65.225,12,11,2.878,2.638,43.31850476487395,0.72685564086135579,0,0,3.357,3.837,19.832129850215122,21.032691529050393,23.188187285524407,27.990025449590508,33.246226029444067,35.087248553282379,45.0,45.000000000032564,58.671307132206728,63.434948822898754,1.2041594578792956,4.54862616621772,5.69385633819473,3.448187929913356,7.317103251970684,2.7459060435491582,0.14142135623718088,0.1000000000003638,0.2236067977500171,2.2135943621178744,10.80263,7e-05,22.222,44.444,22.222,0.0,11.111,0.04972,29.77872,11,6.113,12.1734,11.99,46.523000000000003,41.487000000000002,7.0,-1.2112416784551048,3,116.0,13,173,3.8181046693305536,35.230730611808788,1015.3504329462197,1464.1864089905641,420.25,20.5,40.60773,35.35912,0,0,6.954,7.194,1.679,1.679,92.56594724220624,6.235011990407674,1.1990407673860912,0.0,0.0,0.0
364913,2742,20,2742_20,437,6.2917765759536266,-0.0,6.2917765759536266,-0.0,9.201,6.29178,2749.50636,24.9874,24.9874,180.0,6,9,1.373,2.059,47.027552094940312,1.2770178352096413,0,1,3.89,5.263,63.43494882292201,71.565051177045419,71.565051177104053,78.690067525993868,89.999999999967429,89.999999999967429,90.0,90.0,90.0,180.0,0.2236067977500298,1.118033988749895,1.1313708498984116,1.131370849898653,0.14142135623726126,0.14142135623726126,0.09999999999990905,0.09999999999990905,0.09999999999990905,0.14142135623742205,6.27348,0.00026,11.111,0.0,33.333,22.222,33.333,3.35703,39.91573,14,4.152,9.12283,20.594999999999999,38.444000000000003,40.960999999999999,12.5,-0.5554566573035656,6,45.333333333333336,7,115,0.27163207411855805,6.6511828909753357,446.78708231980141,451.53799322616663,447.03999999999996,21.143320458244016,29.66667,34.33333,1,1,7.094,7.78,1.602,2.517,76.88787185354691,17.162471395881006,4.805491990846682,0.6864988558352403,0.0,0.4576659038901602
364914,2742,200,2742_200,283,5.6156644298812131,0.0,5.6156644298812131,0.0,9.09,5.61566,1589.23303,14.77193,14.77193,135.0,8,6,2.827,2.12,21.066645166443948,0.84532178168937033,0,0,6.714,7.067,55.762537223142537,58.355340962908713,67.270267920055446,69.443954780416092,71.56505117707799,71.56505117707799,71.565051177079283,75.068582821863259,116.56505117707799,116.5650511770793,0.640312423743285,0.36055512754639024,1.2529964086141616,0.14142135623734164,1.118033988749895,1.118033988749895,1.118033988749844,0.14142135623734164,1.118033988749895,0.09999999999990905,5.79764,0.00051,0.0,0.0,50.0,0.0,50.0,1.94668,14.60844,13,4.182,7.10972,3.5339999999999998,55.124000000000002,41.343000000000004,19.0,-0.6407354532287366,4,45.75,5,145,0.054700301374068137,7.0329326910993935,527.4451109959806,387.67883667733588,20.800000000000001,4.5607017003965522,34.08072,26.90583,1,0,10.247,10.601,1.413,1.06,79.15194346289752,15.19434628975265,4.593639575971731,0.7067137809187279,0.35335689045936397,0.0
364915,2742,21,2742_21,944,1.9500395355352294,-0.0,1.9500395355352294,-0.0,15.306,1.95004,1840.83732,14.81418,14.81418,180.0,12,11,1.271,1.165,14.666837335273275,0.29123468707421601,0,1,0.636,0.636,179.99999879258175,179.99999914622637,179.99999914622637,179.99999914622637,180.0,180.0,180.0,180.0,180.0,180.0,0.14142135623731059,0.4472135954999599,0.4472135954999599,0.4472135954999599,0.4123105625617663,0.4123105625617663,0.4123105625617663,0.4123105625617663,0.4123105625617663,0.4123105625617663,1.97056,-0.0,0.0,10.0,0.0,5.0,85.0,0.0028,13.94594,39,0.96,7.87936,69.915000000000006,16.314,13.771000000000001,9.0,-0.21501072408247898,4,47.25,15,123,0.86592547819311427,10.051850615423438,474.01658361051818,420.25301011368032,2315.484375,48.119480202928209,38.81279,32.42009,1,1,1.059,1.059,0.424,0.212,76.37711864406779,10.48728813559322,6.25,4.661016949152542,0.7415254237288136,1.4830508474576272
364916,2742,22,2742_22,320,5.7407718022068197,0.02344,5.7407718022068197,0.02344,11.887,5.74077,1837.04698,13.04186,13.04186,180.0,8,6,2.5,1.875,16.660351614987064,1.1579043969840472,0,1,7.813,7.813,72.897271030955437,78.111341960368392,78.111341960370908,82.874983651096471,82.874983651097295,101.30993247402765,104.03624346792624,105.25511870305556,161.56505117708122,180.0,0.22360679775001868,1.0770329614268923,0.36055512754648095,0.22360679775001868,1.0816653826391451,1.1401754250991676,1.16619037896906,1.1401754250991274,0.31622776601678404,0.19999999999998863,5.83299,0.00596,0.0,0.0,42.857,14.286,42.857,0.15393,17.46551,9,3.915,6.98081,6.25,50.625,43.125,11.0,-0.7474001189609762,3,72.333333333333329,58,95,7.580667451038253,3.5023595544105333,78.59406866755846,589.52655113649155,14.959999999999999,3.8678159211627432,29.50192,24.52107,3,1,11.563,12.5,2.813,3.125,75.3125,17.8125,5.0,0.9375,0.3125,0.625
364917,2742,23,2742_23,908,9.5460140672960012,0.0,9.5460140672960012,0.0,3.568,9.54601,8667.78077,29.6,29.6,180.0,11,11,1.211,1.211,91.025366528308453,0.76472156259027502,0,0,5.176,6.278,45.0,51.34019174590356,55.175510842947283,60.255118703056446,66.801409486350693,71.565051177091021,85.236358309259685,90.0,90.0,115.01689347810147,0.20000000000004547,0.4472135954995512,1.252996408613644,0.36055512754657554,0.14142135623734164,0.10000000000002274,1.0770329614268923,0.09999999999999998,0.09999999999999998,0.14142135623734164,9.65219,1e-05,40.0,10.0,5.0,0.0,45.0,0.00083,114.20288,27,6.743,16.68004,34.140999999999998,38.106000000000002,27.753,13.0,-0.9674089886621559,3,165.33333333333334,93,285,20.546814464006779,22.269653610078819,1936.8130327573856,2877.0122565443157,1228.49,35.049821682855963,31.98459,24.85549,1,1,7.269,8.7,2.753,2.423,92.40088105726872,6.277533039647577,0.8810572687224669,0.3303964757709251,0.0,0.11013215859030837
364918,2742,24,2742_24,309,10.341053244920939,0.00032,10.341053244920939,0.00032,14.565,10.34105,3195.38545,25.1406,25.1406,180.0,7,9,2.265,2.913,48.291323287328204,2.5002431882383944,0,1,8.738,8.414,100.00797980150473,100.30484646876708,104.03624346792074,106.18920625702394,108.43494882292201,108.43494882292201,164.62625666413351,168.11134196037321,172.87498365109491,175.23635830927827,1.2206555615733963,1.1180339887500372,1.1661903789691304,0.14142135623718088,0.14142135623718088,0.14142135623718088,2.308679276122971,1.0770329614269345,1.081665382639348,2.23606797749979,10.38754,0.00053,33.333,16.667,33.333,16.667,0.0,3.10357,29.50007,8,6.63,11.1263,0.0,49.838000000000001,50.161999999999999,4.0,-0.5031152949374272,3,80.666666666666671,13,183,1.6939158546986057,22.755686107162749,987.82092054947975,1050.6535855052209,3.5555555555555554,1.8856180831641267,29.26829,31.35889,1,1,13.269,13.269,4.854,3.56,75.08090614886731,13.592233009708737,6.796116504854369,2.912621359223301,0.6472491909385113,0.970873786407767
364919,2742,25,2742_25,1128,8.3812164832431701,-0.0,8.3812164832431701,-0.0,8.357,8.38122,9454.01219,24.53263,24.53263,180.0,20,20,1.773,1.773,51.233525863849877,1.1527374570441582,0,2,5.408,6.649,93.179830119866736,93.366460663428683,100.30484646876538,100.3048464687655,100.3048464687655,100.30484646876813,101.30993247403023,105.25511870305841,105.25511870305841,179.99999914622637,0.31622776601690983,1.0770329614268923,0.10000000000002274,0.19999999999998863,0.19999999999998863,1.1180339887499253,0.22360679774992814,1.1401754250991354,1.1401754250991354,0.31622776601676605,8.39506,0.00013,20.0,8.0,32.0,12.0,28.0,0.02971,56.69999,34,4.828,10.5626,11.525,48.847999999999999,39.628,14.25,-0.4651302759775098,9,87.444444444444443,12,204,2.9824798905626708,30.531231016786009,833.43393567303372,1037.426543043691,97.63265306122446,9.8809236947374739,33.22148,26.84564,7,3,8.777,10.993,1.862,2.394,78.72340425531915,16.843971631205672,3.4574468085106385,0.7978723404255319,0.0,0.1773049645390071
364920,2742,26,2742_26,553,8.3829417474860595,0.00018,8.3829417474860595,0.00018,6.203,8.38294,4635.76679,22.96824,22.96824,180.0,9,6,1.627,1.085,43.20632382462064,0.79130326826788333,0,1,6.691,8.318,63.434948822908986,63.799885158657396,78.111341960368392,81.179620447979303,82.87498365107048,90.0,97.125016348902804,108.43494882288944,142.12501634890282,162.10812287080506,0.22360679774992814,0.5830951894845067,0.7211102550927095,2.280350850198226,2.163330765278381,0.2236067977500298,1.1401754250992377,1.118033988749895,1.2000000000000455,1.1401754250991478,8.48891,5e-05,8.333,33.333,25.0,0.0,33.333,0.00277,33.36561,21,4.659,11.10191,18.082999999999998,44.664999999999999,37.250999999999998,32.0,-0.16100700251158703,4,96.5,7,277,0.1749099218066211,18.170234310577207,1386.795501726448,1150.1922177453298,398.15999999999997,19.953946977979069,32.85372,26.3789,2,1,8.318,11.754,3.074,2.712,86.61844484629295,10.488245931283906,1.8083182640144666,0.5424954792043399,0.3616636528028933,0.18083182640144665
364921,2742,27,2742_27,1180,10.081656905942943,0.01514,10.081656905942943,0.01514,6.468,10.08166,11896.35515,27.88907,27.88907,180.0,34,27,2.881,2.288,57.661888946107219,1.2909875456501059,0,0,6.61,6.949,90.0,90.0,105.25511870306704,115.01689347801083,116.56505117724549,119.74488129709655,150.25511870307716,151.75026450502577,170.53767779198313,180.0,0.19999999999999574,0.19999999999999574,1.140175425099153,1.1704699910718328,2.2135943621178296,0.14142135623693972,1.1401754250992078,1.1401754250991376,0.6082762530301753,0.14142135623766322,10.06561,0.01646,23.077,23.077,23.077,7.692,23.077,0.00216,44.32981,43,7.007,12.42129,14.407,46.356000000000002,39.237000000000002,12.33,-0.7083639066537019,10,68.400000000000006,5,272,0.19845266418875857,27.204728483542613,1456.729592840494,901.47354798482468,1311.1388888888889,36.209651874726561,30.61651,26.2278,3,3,9.661,10.424,3.559,3.644,86.01694915254237,11.525423728813559,1.5254237288135593,0.5084745762711864,0.1694915254237288,0.2542372881355932
364922,2742,28,2742_28,199,6.824219461557071,0.0,6.824219461557071,0.0,10.493,6.82422,1358.01967,17.88323,17.88323,180.0,4,5,2.01,2.513,27.089827735480608,2.3068663555526321,0,1,10.553,10.05,45.0,45.0,70.016893478101451,70.016893478101451,74.744881296939226,74.744881296939226,84.805571092263577,84.805571092264131,84.805571092266533,101.53982959762881,0.14142135623734164,0.14142135623734164,0.20000000000004547,0.20000000000004547,1.1401754250991778,1.1401754250991778,1.1045361017186375,0.20000000000004547,1.1045361017186324,1.300000000000042,6.98908,0.0001,0.0,25.0,25.0,25.0,25.0,7.24244,13.13835,8,7.018,8.7476,5.0250000000000004,51.256,43.719000000000001,6.0,-1.0976166131048437,2,70.0,59,81,10.390852538809787,13.602722830710965,84.027465519720067,672.38917596016256,30.888888888888889,5.5577773335110221,27.09677,28.3871,3,2,13.065,14.573,6.533,5.025,76.38190954773869,18.09045226130653,4.522613065326633,0.5025125628140703,0.0,0.5025125628140703
364923,2742,29,2742_29,221,7.5271997614277417,-0.0,7.5271997614277417,-0.0,10.794,7.5272,1663.51115,20.52925,20.52925,119.745,5,7,2.262,3.167,42.265788638439965,2.5284332226051913,0,1,9.955,11.765,52.125016348897482,53.453119535187348,56.309932474013948,56.309932474023135,66.614778942780234,71.565051177072789,90.000000000003254,99.462322208025412,108.43494882289352,116.56505117707799,0.10000000000000853,1.886796226411316,1.2999999999999545,0.09999999999999432,1.1180339887498032,0.36055512754642177,1.118033988749895,0.10000000000000853,1.118033988749895,0.10000000000000853,7.60626,0.00101,0.0,50.0,25.0,0.0,25.0,2.16746,23.96947,8,6.769,8.79548,0.0,53.393999999999998,46.606000000000002,0.0,0,1,140.0,140,140,21.240538175786988,21.240538175786988,0.0,1623.6712880859152,5.5,2.3452078799117149,24.33862,19.57672,5,3,13.575,16.742,4.977,3.167,75.56561085972851,17.647058823529413,4.524886877828054,2.262443438914027,0.0,0.0
364924,2742,3,2742_3,234,10.026961316081985,-0.0,10.026961316081985,-0.0,8.538,10.02696,2346.30895,25.85498,25.85498,90.0,7,9,2.991,3.846,48.221457022205684,4.0532441828715644,0,3,8.547,11.538,37.482903211130882,37.99100267745429,39.217607677633438,41.605480680873754,45.000000000000007,50.494701865116376,57.528807709147678,79.695153531232933,90.0,90.0,9.459386872308428,4.924428900898209,2.2803508501982956,6.212889826803684,2.2000000000000455,7.017834423809178,0.599999999999909,1.1180339887500372,1.099999999999909,1.099999999999909,10.16302,0.00061,20.0,40.0,20.0,0.0,20.0,0.12587,18.06987,8,9.282,12.60865,4.274,52.564,43.161999999999999,0.0,0,1,176.0,176,176,21.818634332839657,21.818634332839657,0.0,2334.1175426498894,31.840000000000003,5.6426943918663541,25.26882,22.04301,6,3,13.248,17.094,7.692,7.265,76.4957264957265,20.512820512820515,1.7094017094017093,1.2820512820512822,0.0,0.0
364925,2742,30,2742_30,427,10.498404977080364,0.01214,10.498404977080364,0.01214,7.176,10.4984,4482.81893,28.65589,28.65589,117.646,12,13,2.81,3.044,37.68426577093787,1.7268931714079456,0,1,10.539,9.836,44.698672607898821,44.999999999975564,44.999999999975564,51.599916981899597,51.751142807464291,75.018367427598719,79.695153531233714,79.695153531233714,81.292629728488407,86.45523354441606,5.727128425310453,0.14142135623724117,0.14142135623724117,2.831960451701032,3.0805843601498313,1.2165525060596307,1.1180339887498032,1.1180339887498032,0.5099019513592606,2.220360331117273,10.56764,0.01781,11.111,33.333,22.222,22.222,11.111,6.01407,47.81146,15,7.822,10.8485,0.0,53.396000000000001,46.603999999999999,12.0,-1.2676451868902712,4,87.25,11,184,2.9601492199279993,42.835849234483632,1017.2454163624393,1029.6907362698291,0.0,0.0,30.02421,26.87651,4,1,14.754,14.52,6.557,4.215,82.66978922716628,15.456674473067915,1.639344262295082,0.234192037470726,0.0,0.0
364926,2742,31,2742_31,1642,10.641912540731372,0.0,9.3488225929752478,0.0,7.051,10.64191,17474.02039,28.8125,2123.25369,180.0,43,32,2.619,1.949,38.884778000836846,1.155189025475174,0,3,7.613,7.978,74.981639368855625,80.837652954267455,90.690277197877563,93.366460663429095,100.00797980148091,124.99202019855169,161.56505117706493,165.96375653195855,177.39743779747246,178.4518423009973,0.41231056256174947,0.5385164807134672,2.3021728866444455,1.0770329614268923,1.220655561573266,0.1000000000003638,0.31622776601705366,0.14142135623750243,0.2236067977500298,0.4472135954996529,9.39064,1e-05,11.111,25.0,36.111,11.111,16.667,0.00415,100.65405,55,6.075,10.68815,7.9169999999999998,50.305,41.777999999999999,18.67,-0.08901991443714048,15,88.533333333333331,6,342,0.13614962421187868,8.7735079633032313,1164.7023931253036,1014.48484532539,250.85416666666666,15.838376389853433,35.12195,27.45645,3,3,10.78,11.145,3.289,3.289,83.49573690621193,13.946406820950061,2.009744214372716,0.18270401948842874,0.18270401948842874,0.18270401948842874
364927,2742,32,2742_32,964,10.586631063782496,0.0,10.586631063782496,0.0,7.35,10.58663,10205.51235,28.72647,28.72647,180.0,23,28,2.386,2.905,60.750161806492436,1.097049479264296,0,1,5.705,5.913,71.565051177110561,75.529705899927961,75.529705899928942,77.905242922990439,82.874983651095533,82.874983651129767,101.30993247407073,108.43494882282431,116.56505117707799,172.87498365111833,1.118033988749895,0.4999999999999773,1.2806248474865414,0.10000000000002274,1.081665382639285,1.1401754250992377,0.14142135623738186,0.1414213562375828,1.118033988749895,0.2236067977497756,10.66302,2e-05,19.048,9.524,42.857,19.048,9.524,0.80366,69.30484,28,7.084,11.80304,4.149,50.311,45.539000000000001,12.0,-0.459738947118744,10,80.700000000000003,11,206,11.250463195599094,60.975641617898752,1116.6447351960467,1014.9918098267292,53.25,7.2972597596632118,32.63889,30.78704,1,1,9.855,10.27,2.282,2.282,82.26141078838174,14.41908713692946,2.800829875518672,0.3112033195020747,0.0,0.2074688796680498
364928,2742,33,2742_33,455,8.5274173354117426,0.0,8.5274173354117426,0.0,6.748,8.52742,3879.97489,19.20651,19.20651,180.0,13,10,2.857,2.198,29.203043697609424,0.84017988701950996,0,2,6.593,5.934,38.79767631648636,40.60129464499397,43.842666931873069,60.25511870305774,64.653824058053303,82.874983651075496,89.999999999999986,101.30993247402026,142.12501634889028,180.0,5.824946351684428,0.9999999999997613,5.142956348249847,1.1401754250991378,0.9219544457292888,0.22360679775023318,0.22360679774997902,1.140175425099138,1.1401754250992875,1.1401754250990532,8.70948,0.00027,10.0,10.0,60.0,0.0,20.0,0.15991,30.76738,17,6.864,9.74121,2.198,55.823999999999998,41.978000000000002,3.0,-0.6810326524826609,2,186.5,137,236,14.047064643550348,19.253951630166029,540.19912252902407,1928.1022508867645,23.916666666666668,4.8904669170404036,39.19598,29.8995,2,2,9.89,10.989,3.077,2.857,82.1978021978022,16.043956043956044,0.8791208791208791,0.21978021978021978,0.21978021978021978,0.43956043956043955
364929,2742,34,2742_34,592,4.0813749190661159,-0.0,4.0813749190661159,-0.0,11.934,4.08137,2416.17395,16.91892,16.91892,180.0,9,10,1.52,1.689,22.682834851099145,0.77742746052003764,0,1,5.743,7.601,106.26020470829023,115.46334506187259,119.74488129690791,119.74488129698265,124.69515353127444,124.99202019855871,153.43494882293237,172.4053566314069,180.0,180.0,1.1180339887498059,2.3259406699225194,1.1401754250990532,1.14017542509927,0.1414213562374057,1.220655561573371,0.14142135623724494,1.5132745950421616,0.09999999999999964,0.09999999999999964,4.10031,0.00054,0.0,7.692,15.385,23.077,53.846,0.07694,34.435,27,3.529,6.3526,23.649000000000001,41.892000000000003,34.459000000000003,20.0,-0.225492909558236,8,35.125,6,154,0.47464808891687588,9.2290988833266621,525.3759614637986,288.08885480731323,187.13888888888891,13.679871669313602,30.42328,30.95238,2,1,8.277,11.318,2.872,1.858,77.70270270270271,14.527027027027026,4.898648648648648,1.6891891891891893,0.5067567567567568,0.6756756756756757
364930,2742,35,2742_35,368,6.965436787019553,0.00054,6.965436787019553,0.00054,6.95,6.96544,2563.28074,17.75894,17.75894,180.0,5,3,1.359,0.815,34.977309931252123,0.64528386783331559,0,0,5.163,6.25,57.528807709151515,61.927513064147043,63.43494882292201,68.19859051364827,73.300755766006532,76.328692867804151,78.690067525979629,90.0,109.9831065218978,180.0,0.632455532033676,1.2369316876852983,0.22360679774998216,1.0770329614269003,1.0440306508910542,1.2041594578792292,1.1999999999999993,0.09999999999999787,0.10000000000000142,0.2,7.15693,0.00037,0.0,25.0,37.5,0.0,37.5,0.04804,28.76266,15,4.8,10.1481,13.587,50.0,36.412999999999997,11.0,-0.45454545454545525,3,77.0,7,214,0.11145352808454716,8.9618538084335384,1147.8335047351547,845.85183892111991,49.0,7.0,39.28571,31.74603,2,1,8.152,12.228,2.989,3.261,85.8695652173913,10.054347826086957,2.989130434782609,0.5434782608695652,0.0,0.5434782608695652
364931,2742,36,2742_36,173,8.154164568433913,0.00058,8.154164568433913,0.00058,5.506,8.15416,1410.67047,17.30462,17.30462,160.346,5,4,2.89,2.312,45.009542387428766,1.4401299709791258,0,1,1.734,1.734,22.311636706737168,23.83874018316741,24.36975266726078,26.565051177051924,36.911107741479768,39.472459848345842,45.0,47.726310993902494,56.309932474023981,95.194428907735883,4.10000000000002,1.3038404810405495,2.961418578992152,0.6999999999999318,3.178049716414173,0.5,0.14142135623734164,0.4123105625617426,0.3605551275464651,1.1045361017187507,8.31097,0.00019,33.333,0.0,33.333,33.333,0.0,6.76918,27.17762,6,4.756,11.72556,28.902000000000001,34.682000000000002,36.415999999999997,14.0,-0.3145348087681172,2,56.0,51,61,10.712589788884616,15.26122582155187,22.625133586221693,700.88608537248342,342.25,18.5,35.0,42.5,1,1,4.624,2.89,1.734,0.578,88.4393063583815,8.670520231213873,1.7341040462427746,0.5780346820809249,0.5780346820809249,0.0
364932,2742,37,2742_37,783,3.8221187822495133,-0.0,3.8221187822495133,-0.0,9.905,3.82212,2992.71901,22.91201,22.91201,180.0,11,13,1.405,1.66,29.578738793430411,0.65500878176374311,0,1,2.682,5.109,108.43494882294645,109.98310652189998,119.7448812969422,119.74488129694224,119.74488129697092,126.67434966957302,161.56505117706334,180.0,180.0,180.0,0.14142135623724117,1.1704699910719623,0.14142135623730964,1.140175425099138,0.1414213562372462,0.4123105625617663,0.31622776601657726,0.10000000000000009,0.10000000000000009,0.10000000000000009,3.87009,0.00016,0.0,11.765,17.647,0.0,70.588,0.00215,48.29938,27,2.4,7.27274,31.928000000000001,39.973999999999997,28.097000000000001,17.0,-0.2065203682892652,6,48.0,7,94,1.143854346961966,5.9735137841237371,381.22288128940772,476.48263796360152,485.17283950617286,22.026639314842672,30.56235,29.09535,1,1,5.492,8.301,1.277,1.66,80.07662835249042,13.154533844189016,4.342273307790549,1.6602809706257982,0.2554278416347382,0.5108556832694764
364933,2742,38,2742_38,512,8.4009157656204696,0.0,8.4009157656204696,0.0,7.095,8.40092,4301.26887,22.4751,22.4751,180.0,9,10,1.758,1.953,48.102661173949464,1.2071457977037183,0,1,6.641,8.008,55.85641334806742,60.945395900922243,73.300755766008763,74.054604099061478,78.690067525997705,85.815083874886227,87.510447077993717,90.0,127.8749836510972,153.43494882292202,1.3038404810405058,0.20000000000004547,0.2236067977500298,0.14142135623722107,1.1401754250991705,0.36055512754637054,1.0295630140986802,0.09999999999999432,0.10000000000002274,0.10000000000013642,8.44962,-0.0,27.273,9.091,18.182,9.091,36.364,0.83282,42.62091,17,3.964,11.18577,17.577999999999999,42.773000000000003,39.648000000000003,12.5,-0.14001633898595078,4,88.5,36,170,24.722230830931682,22.093560290584509,799.06418069033839,1065.7323677064819,263.5555555555556,16.234394215847896,30.98958,29.6875,1,1,9.18,12.5,2.539,2.734,83.59375,13.0859375,2.5390625,0.1953125,0.390625,0.1953125
364934,2742,39,2742_39,667,7.2032117755614546,0.0003,7.2032117755614546,0.0003,7.633,7.20321,4804.54225,15.99062,15.99062,180.0,12,12,1.799,1.799,21.149182395273371,0.75138212765574197,0,1,5.097,4.648,84.805571092263577,87.336999233919926,90.0,93.366460663436399,94.763641690725734,94.763641690725734,94.763641690726175,100.30484646876423,100.3048464687663,116.56505117707799,0.09999999999999432,1.044030650891042,3.599999999999909,2.2847319317591954,1.2041594578792745,1.2041594578792745,0.09999999999999432,1.118033988750027,0.09999999999999432,1.118033988749895,7.25663,0.00026,0.0,14.286,42.857,21.429,21.429,0.89868,30.5618,23,4.802,8.76889,4.4980000000000002,52.173999999999999,43.328000000000003,13.5,-0.514415424562825,6,85.833333333333329,10,161,1.4903169822650615,8.014476296693827,550.21753580678956,794.51175576709829,17.719008264462811,4.2093952373782644,41.86472,33.45521,2,2,8.696,8.996,1.799,1.799,82.45877061469265,13.043478260869565,3.1484257871064467,1.199400299850075,0.0,0.14992503748125938
364935,2742,4,2742_4,1071,4.9770371574341317,-0.0,4.9770371574341317,-0.0,8.878,4.97704,5330.4068,21.78302,21.78302,180.0,19,23,1.774,2.148,20.511892916899995,0.99646363500624746,0,1,6.349,7.656,85.236358309266635,85.23635830926753,95.194428907735883,96.581944655172308,98.130102354155994,116.56505117707799,149.03624346789775,161.56505117707798,179.99999914622637,180.0,1.2041594578790595,1.2041594578792862,1.1045361017187507,0.2236067977497756,1.118033988749895,0.09999999999990905,0.14142135623726126,0.14142135623718088,0.31622776601698177,0.10000000000013642,4.99929,-0.0,0.0,8.696,13.043,34.783,43.478,0.02785,30.58956,36,4.14,6.86636,16.806999999999999,44.164000000000001,39.029000000000003,9.0,-0.35663620796578444,14,49.214285714285715,11,142,0.5702320028291985,2.8762046046514125,326.99756147030041,372.10346953377075,252.99609375,15.905850928196202,28.42377,30.36176,4,3,9.991,10.924,3.081,3.641,76.09710550887021,19.981325863678805,3.081232492997199,0.3734827264239029,0.18674136321195145,0.2801120448179272
364936,2742,40,2742_40,518,4.9197203035341488,0.0,4.9197203035341488,0.0,8.234,4.91972,2548.41512,15.38831,15.38831,180.0,14,10,2.703,1.931,28.69092742456915,0.49949950883962385,0,1,0.579,0.193,116.5650511770769,128.65980825409048,153.43494882291552,156.80140948635051,161.56505117707812,168.69006752602243,170.83765295427884,179.99999879258175,180.0,180.0,0.670820393249956,0.10000000000000853,0.2828427124745627,0.4242640687119044,0.7071067811865918,0.3605551275463863,0.5385164807134515,0.14142135623730148,0.14142135623726126,0.14142135623726126,4.9286,0.0001,0.0,18.182,9.091,18.182,54.545,0.03047,22.44469,17,2.643,8.7672,40.540999999999997,29.151,30.309000000000001,17.67,-0.3273140777559014,6,44.666666666666664,8,119,0.35535412319637388,12.281227104318244,474.09248143807986,415.87045317705542,1124.5599999999999,33.534459888299978,38.32753,41.46341,1,1,1.158,1.351,0.386,0.193,89.1891891891892,5.7915057915057915,1.9305019305019304,1.1583011583011582,0.9652509652509652,0.9652509652509652
364937,2742,41,2742_41,205,5.9903959955584059,0.0,5.9903959955584059,0.0,13.803,5.9904,1228.03118,28.62202,28.62202,180.0,1,6,0.488,2.927,61.910521670056355,5.1959223412259936,0,2,4.878,4.878,90.0,159.55045238920755,164.744881296942,180.0,180.0,180.0,180.0,180.0,180.0,180.0,0.09999999999999432,1.140175425099163,1.1000000000000227,0.19999999999998863,0.19999999999998863,0.19999999999998863,0.19999999999998863,0.19999999999998863,0.19999999999998863,0.19999999999998863,5.75903,0.00037,0.0,50.0,0.0,0.0,50.0,0.00377,43.60597,7,7.49,12.21831,39.024000000000001,29.756,31.219999999999999,19.0,-0.3641942633963684,2,46.5,6,87,0.22215648132066965,40.298773857820656,589.99491237699726,607.4322965464321,258.0,16.06237840420901,22.0,23.0,3,2,6.341,6.829,2.927,1.951,83.41463414634147,8.292682926829269,2.926829268292683,0.4878048780487805,0.975609756097561,3.902439024390244
364938,2742,42,2742_42,444,8.5409375253838267,0.00045,8.5409375253838267,0.00045,6.7,8.54094,3792.17626,20.04445,20.04445,180.0,7,8,1.577,1.802,32.688602403706597,1.0481609239544991,0,2,9.685,10.135,61.389540334036859,62.981429696972697,65.9312766981257,70.016893478096932,70.016893478098567,80.537677791972996,90.855097396266729,95.194428907736409,103.05524722379644,154.82246457036379,0.10000000000002274,1.3038404810405342,1.1704699910718888,0.39999999999997726,0.10000000000000142,1.2165525060594644,0.9000000000000004,0.10000000000002274,7.083078426786001,1.1704699910718765,8.64926,-0.0,11.111,11.111,55.556,0.0,22.222,1.29506,39.67455,10,5.989,9.97015,9.0090000000000003,45.494999999999997,45.494999999999997,0.0,0,5,70.799999999999997,6,161,0.25158471679480288,11.474110860522464,698.53912017839582,753.32010947741651,234.88888888888891,15.3260852434302,26.84211,31.05263,2,2,12.838,12.613,2.477,3.153,86.03603603603604,10.585585585585585,2.2522522522522523,0.6756756756756757,0.22522522522522523,0.22522522522522523
364939,2742,43,2742_43,366,8.5608546793543923,0.0,8.5608546793543923,0.0,6.027,8.56085,3133.27281,20.21213,20.21213,118.443,7,10,1.913,2.732,26.294936557883112,0.8094775388857679,0,1,7.377,6.557,30.910058535131441,31.874860634918289,31.918597785946623,34.787332366116836,38.717507911836044,42.247514599741102,46.867678839429821,47.413336432855175,58.861027563013906,67.833654177932502,6.082762530298219,3.8897300677554183,6.862215385719136,1.5264337522474314,1.8027756377320576,1.7204650534085069,0.8602325267042071,1.5132745950421616,1.303840481040704,0.44721359549985623,8.69723,0.00042,12.5,12.5,50.0,0.0,25.0,0.07796,9.57201,11,6.564,9.97485,5.4640000000000004,48.906999999999996,45.628,0.0,0,2,148.5,63,234,2.6683628705298243,12.613943550907594,1083.7464389190659,1555.4105755320452,63.039999999999999,7.9397732965116834,35.66879,35.66879,1,1,10.929,10.656,3.005,2.732,82.51366120218579,16.120218579234972,1.092896174863388,0.273224043715847,0.0,0.0
364940,2742,44,2742_44,388,7.9234381029323222,0.00058,7.9234381029323222,0.00058,14.27,7.92344,3074.29398,21.97385,21.97385,180.0,6,9,1.546,2.32,49.162066773330132,1.618018727355687,0,1,6.701,8.505,100.30484646876774,105.25511870305954,109.98310652190177,109.98310652190307,115.01689347807381,161.56505117709102,180.0,180.0,180.0,180.0,1.1180339887498085,1.1401754250990532,1.170469991071879,0.10000000000002274,0.14142135623724117,0.31622776601676605,0.14142135623724117,0.14142135623724117,0.14142135623724117,0.14142135623724117,7.91645,0.00063,25.0,0.0,25.0,25.0,25.0,2.6032,34.03751,12,4.279,9.40235,2.577,49.484999999999999,47.938000000000002,8.0,-0.67345344370574,4,63.25,38,84,15.683540217571524,32.699834148887298,320.51347833068456,752.25518829254463,10.888888888888891,3.2998316455372221,30.9816,25.76687,2,1,11.082,13.918,3.093,3.351,74.48453608247422,15.721649484536082,6.443298969072165,1.8041237113402062,0.25773195876288657,1.288659793814433
364941,2742,45,2742_45,873,16.523253170644502,-0.0,16.523253170644502,-0.0,5.136,16.52325,14424.80002,29.85632,29.85632,161.565,25,17,2.864,1.947,59.118897327744023,1.1788414545950117,1,2,6.186,6.644,77.005383208039589,80.727398222756364,81.869897645791923,90.0,90.0,90.0,90.0,90.0,90.0,90.0,0.09999999999854481,1.2041594578790784,1.118033988749895,0.22360679775079242,0.22360679775079242,0.22360679775079242,0.22360679775079242,0.22360679775079242,0.22360679775079242,0.22360679775079242,16.62955,0.00014,68.421,15.789,5.263,5.263,5.263,0.1044,54.16479,15,9.314,17.64889,4.5819999999999999,50.744999999999997,44.673999999999999,0.0,0,3,264.33333333333331,29,634,7.1425482705783061,22.160525337867753,5386.8794996597026,4798.7661861471852,5.8888888888888884,2.4267032964268394,37.9437,31.33415,2,2,10.309,11.111,2.52,2.749,91.98167239404353,5.383734249713632,1.7182130584192439,0.8018327605956472,0.1145475372279496,0.0
364942,2742,46,2742_46,490,6.6127520286868,0.0,6.6127520286868,0.0,10.449,6.61275,3240.24849,19.51666,19.51666,180.0,8,8,1.633,1.633,38.479551423425136,0.9501346062866286,0,0,6.939,6.939,82.874983651115244,86.49501218881106,90.0,90.0,94.085616779975723,98.130102354146132,120.96375653207352,120.96375653207448,180.0,180.0,0.14142135623730148,4.751841748206676,0.20000000000000007,0.20000000000000007,1.4035668847618554,0.49999999999988065,1.16619037896906,0.10000000000002274,0.1,0.1,6.74709,5e-05,10.0,10.0,30.0,10.0,40.0,0.0939,30.58308,16,3.921,9.41731,18.367000000000001,45.305999999999997,36.326999999999998,11.33,-0.42825634005361535,5,60.200000000000003,8,100,0.21138393750728302,8.6601795276157709,436.34216218950496,637.72377035009436,213.484375,14.611104509926689,36.44315,25.07289,4,3,10.408,9.796,3.673,3.878,76.3265306122449,17.142857142857142,4.6938775510204085,0.8163265306122449,0.40816326530612246,0.6122448979591837
364943,2742,47,2742_47,1699,4.0991311529713208,-0.0,4.0991311529713208,-0.0,6.945,4.09913,6964.42383,22.47576,22.47576,180.0,28,20,1.648,1.177,28.714963696566965,0.61329838980277351,0,1,3.002,5.18,109.98310652190189,116.56505117707799,127.87498365109971,131.63353933657558,153.43494882292202,158.19859051364372,172.87498365107214,180.0,180.0,180.0,0.20000000000004547,1.118033988749895,1.1401754250989884,1.2041594578793757,1.118033988749895,0.20000000000004547,0.22360679774997896,0.10000000000013642,0.10000000000013642,0.10000000000013642,4.09628,1e-05,2.703,8.108,10.811,16.216,62.162,0.00167,36.65234,55,3.41,8.2671,34.137999999999998,39.023000000000003,26.838999999999999,15.5,-0.2740026965617205,13,54.230769230769234,5,159,0.20818061104473062,18.230249874195493,507.87919360001104,520.3511655238533,453.9591836734694,21.306317928573897,36.94875,28.12872,3,1,5.121,7.593,1.648,1.707,83.40200117716304,12.360211889346674,2.884049440847557,0.824014125956445,0.23543260741612712,0.2942907592701589
364944,2742,48,2742_48,396,7.6847069741563221,0.0,7.6847069741563221,0.0,5.202,7.68471,3043.14396,16.41767,16.41767,93.814,3,8,0.758,2.02,30.76267771125217,0.65594811577883683,0,0,7.071,8.333,38.246306340072707,45.000000000000092,48.96465472285621,57.094757077012133,69.443954780416533,71.565051177078118,76.429565614838538,82.874983651162339,86.185925165709776,87.878903603338557,9.52575456328789,0.28284271247461845,1.4317821063276355,1.4142135623730951,1.2083045973594573,0.1414213562373093,1.3341664064126333,0.14142135623734164,1.0630145812734648,0.4472135954999579,7.88278,0.00036,0.0,37.5,37.5,0.0,25.0,0.6963,14.21524,15,6.056,9.96925,12.625999999999999,44.697000000000003,42.677,0.0,0,1,285.0,285,285,12.289596416803924,12.289596416803924,0.0,3021.9595184325517,35.805555555555557,5.983774357005414,26.22951,37.04918,0,0,9.091,10.354,1.768,3.283,90.15151515151516,7.3232323232323235,2.272727272727273,0.25252525252525254,0.0,0.0
364945,2742,49,2742_49,379,5.3761739442862648,-0.0,5.3761739442862648,-0.0,11.579,5.37617,2037.56992,17.1677,17.1677,180.0,7,6,1.847,1.583,27.750817045315721,0.85637402433713283,0,0,6.596,9.499,79.695153531228769,80.083473879082447,83.418055344817944,90.0,104.03624346792651,123.69006752597311,138.36646066343431,161.56505117707783,179.99999879258175,180.0,1.118033988749895,0.6403124237431996,0.22360679774999168,0.10000000000013642,1.2369316876852994,1.081665382639222,1.2041594578792671,0.14142135623731025,1.118033988749895,0.10000000000000053,5.5029,0.00048,0.0,12.5,25.0,12.5,50.0,0.02684,19.32646,8,1.666,7.35509,15.831,44.326999999999998,39.841999999999999,18.0,-0.6285883686180507,5,43.399999999999999,8,94,0.056316568388460449,14.665786719635111,387.03339114549749,394.19821696240155,265.13888888888886,16.283085975603299,26.08696,26.08696,0,0,9.499,11.873,3.694,5.013,78.36411609498681,11.08179419525066,8.443271767810026,0.5277044854881267,0.7915567282321899,0.7915567282321899
364946,2742,5,2742_5,204,2.5128549053925893,-0.0,2.5128549053925893,-0.0,11.358,2.51285,512.6224,16.0125,16.0125,180.0,3,3,1.471,1.471,16.11516806758166,3.3568230718254997,0,4,5.392,4.412,45.000000000008143,71.56505117707799,71.565051177079624,89.999999999991857,91.548157698977988,94.026660067792335,140.65328591564841,153.43494882292242,178.13875372600117,179.99999879258175,0.10000000000002274,0.10000000000002274,0.31622776601684693,2.4041630560342457,1.6552945357246844,2.507987240796901,16.012495120998494,0.09999999999999964,8.421401308570927,1.118033988749895,2.53173,-0.0,0.0,0.0,25.0,0.0,75.0,0.03069,22.6455,8,1.852,6.57179,39.216000000000001,35.293999999999997,25.489999999999998,9.0,-1.217663214907154,3,18.333333333333332,11,31,1.7746127540339613,5.2216579211726426,115.77966869487742,146.84211885707737,196.64000000000001,14.022838514366484,25.97403,22.07792,5,5,6.863,5.882,3.922,2.451,80.3921568627451,13.235294117647058,2.9411764705882355,0.9803921568627451,0.9803921568627451,1.4705882352941178
364947,2742,50,2742_50,728,13.605153800281272,0.00019,13.605153800281272,0.00019,5.402,13.60515,9904.55197,30.42367,30.42367,171.87,26,20,3.571,2.747,54.656781828933823,1.7103518206051844,0,1,7.967,7.555,54.865806943096366,57.828782871440275,59.036243467930319,59.839939161912795,62.592424562201785,68.198590513643694,71.565051177012847,90.0,90.0,104.03624346780003,1.4764823060232137,1.3601470508737616,1.1661903789690133,2.4207436873817554,0.6708203932499369,1.0770329614269345,0.31622776601690983,0.0999999999994543,0.0999999999994543,0.1414213562368593,13.68666,0.0002,50.0,12.5,25.0,6.25,6.25,0.0328,57.16936,26,9.134,14.6444,5.4950000000000001,52.472999999999999,42.033000000000001,11.0,-0.19404759145318218,2,325.5,28,623,7.7808000112896893,36.943621801454114,4724.2049690199947,4932.7799742127281,196.0,14.0,37.86982,24.11243,1,1,12.363,12.363,3.571,3.159,90.10989010989012,7.967032967032967,1.3736263736263736,0.41208791208791207,0.0,0.13736263736263737
364948,2742,51,2742_51,359,3.3867480657287317,0.0,3.3867480657287317,0.0,13.561,3.38675,1215.84256,12.93136,12.93136,180.0,4,5,1.114,1.393,19.491720269087708,0.57604626476673237,0,0,3.064,4.735,101.52372170389894,104.0362434679265,104.0362434679265,119.05460409907727,134.99999999997556,149.03624346792674,153.43494882292211,157.38013505195957,173.48019824834313,180.0,1.8027756377320356,1.2369316876852983,1.2369316876852983,1.4560219778561037,0.09999999999990905,1.166190378969057,0.22360679774997883,1.1401754250991378,1.2083045973594573,0.1,3.47755,0.00013,0.0,0.0,28.571,14.286,57.143,0.08628,12.78301,10,2.456,6.03322,27.855,38.719000000000001,33.426000000000002,9.5,-0.39287555858996653,3,45.333333333333336,15,91,2.4682679265284824,8.4746527085599244,363.02590802698177,378.38556306772784,217.109375,14.734631824378917,32.0,32.5,1,1,7.242,7.799,0.557,1.393,73.53760445682451,16.434540389972145,6.685236768802229,1.392757660167131,1.1142061281337048,0.8356545961002786
364949,2742,52,2742_52,323,8.3304476044465332,-0.0,8.3304476044465332,-0.0,8.472,8.33045,2690.73458,21.53555,21.53555,165.211,7,6,2.167,1.858,34.865593173967319,1.781092883568413,0,3,6.811,8.978,56.888658039627465,57.528807709147678,67.380135051960337,70.016893478098126,70.016893478104762,70.016893478104791,80.537677791972627,80.537677791972627,81.332612820043551,84.805571092258788,0.7999999999999545,1.3038404810404776,0.40000000000009095,1.170469991072122,1.1704699910718304,0.2999999999999545,1.2165525060596962,1.2165525060596962,2.7459060435491582,0.599999999999909,8.40803,0.00032,14.286,14.286,42.857,0.0,28.571,0.07545,20.19985,12,7.73,10.15183,12.384,47.058999999999997,40.557000000000002,0.0,0,1,246.0,246,246,18.506670552980687,18.506670552980687,0.0,2675.9641710635487,32.75,5.7227615711297988,34.71698,32.45283,3,3,10.526,12.074,3.715,3.096,76.78018575851394,19.814241486068113,3.0959752321981426,0.0,0.30959752321981426,0.0
364950,2742,53,2742_53,247,10.403227519176948,0.0,10.403227519176948,0.0,7.909,10.40323,2569.5972,19.56732,19.56732,94.764,6,10,2.429,4.049,22.701318722700979,2.4914744280956986,0,1,6.478,8.502,29.848913464988659,31.51793949773467,32.122468803063377,39.80557109226519,43.165064856468632,47.951615124718714,53.127227791671196,60.554571270079556,63.434948822926366,80.537677791981423,1.170469991072122,5.824087911424583,4.360045871318341,5.232590180780516,6.70671305484293,5.948108943185201,6.428841264178228,0.6082762530297173,0.3000000000001819,1.2165525060594347,10.51367,0.00174,20.0,40.0,40.0,0.0,0.0,3.91656,11.1127,9,8.688,10.74978,0.0,48.177999999999997,51.822000000000003,0.0,0,1,228.0,228,228,15.849039136121384,15.849039136121384,0.0,2558.5282389584572,0.0,0.0,30.96234,30.12552,1,1,14.98,12.551,2.429,4.049,76.51821862348179,21.05263157894737,2.0242914979757085,0.4048582995951417,0.0,0.0
364951,2742,54,2742_54,433,4.5277428583634922,0.0,4.5277428583634922,0.0,4.173,4.52774,1960.51266,13.80906,13.80906,170.473,2,3,0.462,0.693,27.00714276096333,0.41427636147711566,0,0,5.081,6.467,55.007979801441344,63.43494882292201,66.317912275461566,71.565051177079013,74.744881296942225,75.963756532074171,85.23635830927428,86.054813770962454,95.194428907734959,106.38954033403478,1.2206555615733703,0.4,0.5099019513592785,1.2649110640673922,0.10000000000000009,0.20000000000000284,0.4000000000000057,1.140175425099138,0.09999999999999432,1.2529964086141665,4.63423,5e-05,0.0,22.222,22.222,0.0,55.556,0.0,11.85504,7,2.684,8.54988,43.880000000000003,27.945,28.175999999999998,0.0,0,2,98.5,10,187,1.4430309159306467,6.8142996926167143,925.25367682502906,964.3330436111853,1988.6666666666667,44.594469014292194,25.76419,31.44105,0,0,6.005,7.621,1.386,1.155,90.99307159353349,6.235565819861431,2.0785219399538106,0.4618937644341801,0.0,0.23094688221709006
364952,2742,55,2742_55,838,1.4519993842741776,0.0,1.4519993842741776,0.0,15.503,1.452,1216.77548,10.9252,10.9252,180.0,4,4,0.477,0.477,7.4361369288788666,0.35784175466740042,0,0,2.029,5.251,141.34019174591049,142.12501634890245,146.30993247402023,161.56505117707678,168.6900675259773,171.86989764584405,172.87498365109823,173.65980825408232,179.99999879258175,179.99999879258175,0.09999999999999432,0.09999999999999432,0.3605551275463784,0.22360679774999168,0.3605551275464021,0.31622776601684693,0.22360679774996625,0.6403124237432885,0.14142135623732158,0.14142135623732158,1.46719,5e-05,0.0,0.0,5.556,5.556,88.889,0.00441,16.97842,22,0.845,4.12372,33.412999999999997,37.709000000000003,28.878,9.2,-0.710504640615892,6,28.0,5,91,0.2898946504042989,4.0666298509895809,213.75868075505892,178.02486538433621,123.74204081632654,11.12393998618864,28.87324,32.74648,0,0,3.938,8.353,0.597,0.835,73.15035799522673,14.319809069212411,7.398568019093079,3.1026252983293556,1.3126491646778042,0.7159904534606205
364953,2742,56,2742_56,675,5.3047696238452655,-0.0,5.3047696238452655,-0.0,14.94,5.30477,3580.7195,19.35355,19.35355,180.0,12,10,1.778,1.481,34.670826645335971,1.4073111477863363,0,5,5.63,9.778,120.96375653207359,134.99999999999795,142.05230600784103,153.43494882292202,161.56505117707803,164.9315118405074,168.50343698241412,179.99999879258175,180.0,180.0,1.1661903789690609,1.2000000000000028,2.1587033144922985,1.118033988749895,0.14142135623730145,1.2041594578792258,1.1180339887498885,0.14142135623733162,0.09999999999999432,0.09999999999999432,5.31102,3e-05,7.143,7.143,14.286,14.286,57.143,0.08881,46.11896,26,3.685,7.10556,7.407,50.518999999999998,42.073999999999998,7.0,-0.4356951264285738,10,36.0,6,164,0.68700189905844444,21.395718918571276,615.83765207214833,345.98686646299905,28.65234375,5.3527884088575739,31.4741,26.89243,8,6,10.519,15.407,3.852,4.0,70.96296296296296,18.962962962962962,5.333333333333333,3.111111111111111,1.037037037037037,0.5925925925925926
364954,2742,57,2742_57,415,1.4104089795852657,0.00024,1.4104089795852657,0.00024,13.93,1.41041,585.31973,10.57733,10.57733,180.0,5,6,1.205,1.446,5.9484332572932015,0.44447176122985171,0,0,1.687,3.133,90.0,95.194428907734732,95.194428907734732,95.194428907734903,161.56505117707798,180.0,180.0,180.0,180.0,180.0,1.1,1.1045361017187203,1.1045361017187203,0.10000000000000142,0.14142135623730917,0.20000000000000284,0.20000000000000284,0.20000000000000284,0.20000000000000284,0.20000000000000284,1.44053,0.00074,0.0,0.0,0.0,0.0,100.0,0.02864,13.54259,18,1.536,3.68382,36.145000000000003,38.554000000000002,25.300999999999998,9.25,-0.4393776350309176,7,13.571428571428571,6,24,0.44144059048215195,5.6788707571720751,49.31109099088259,72.67430592090399,259.20710059171591,16.09990995601267,34.64052,24.8366,0,0,3.133,6.024,0.723,0.241,73.25301204819277,16.14457831325301,7.710843373493976,1.2048192771084338,0.24096385542168675,1.4457831325301205
364955,2742,58,2742_58,509,7.9938843263650767,0.0,7.9938843263650767,0.0,7.133,7.99388,4068.88712,20.70411,20.70411,131.634,11,12,2.161,2.358,33.330288818738005,1.0826530178757385,0,1,6.09,6.09,63.434948822948066,63.434948822948066,71.565051177094276,86.633539336638918,87.878903603338088,90.0,90.0,101.30993247402689,104.0362434679265,108.43494882292201,0.22360679774997896,0.22360679774997896,0.28284271247460296,1.2041594578794184,1.208304597359478,0.10000000000002274,0.10000000000002274,0.14142135623734164,0.09999999999990905,0.14142135623734164,8.04234,-0.0,9.091,27.273,27.273,9.091,27.273,0.4251,43.75228,17,5.622,9.58652,5.8940000000000001,48.722999999999999,45.383000000000003,21.0,-0.6914222064025355,5,80.599999999999994,11,159,1.924676714594427,30.576277026941227,586.32927198690697,808.62871400186089,47.600000000000001,6.8992753242641358,34.66981,33.96226,1,1,9.627,10.02,2.947,2.75,81.9253438113949,14.931237721021612,1.9646365422396856,0.9823182711198428,0.19646365422396855,0.0
364956,2742,59,2742_59,644,8.882133689724574,0.0,8.882133689724574,0.0,7.703,8.88213,5720.0941,22.70793,22.70793,180.0,15,19,2.329,2.95,39.096583105437382,0.91830657272373351,0,1,4.193,4.814,84.805571092264131,90.0,90.0,90.0,95.194428907733069,109.98310652189903,165.21132238583735,168.6900675259773,180.0,180.0,0.10000000000002274,1.0999999999999943,1.0999999999999943,1.0999999999999943,1.1045361017187174,0.39999999999997726,1.1045361017187507,0.20000000000004547,0.09999999999990905,0.09999999999990905,8.93251,-0.0,21.429,7.143,35.714,7.143,28.571,0.08977,31.93115,17,4.627,10.47402,7.7640000000000002,48.912999999999997,43.323,13.0,-0.5444620320037524,8,64.0,5,211,0.16244999896417131,17.283047751611601,916.60854597485434,708.91760823666937,89.25,9.4472218138455926,38.7156,34.31193,1,1,6.988,9.006,1.087,1.553,83.69565217391305,12.888198757763975,1.8633540372670807,0.7763975155279503,0.3105590062111801,0.4658385093167702
364957,2742,6,2742_6,417,11.467221443318511,-0.0,11.467221443318511,-0.0,6.172,11.46722,4781.83134,25.24203,25.24203,97.125,11,10,2.638,2.398,51.339331170855367,0.74757258032160578,0,1,1.918,3.837,54.605204155001566,54.625248156128087,55.175510843092837,59.574216198023294,61.345685938065508,62.30052719193332,63.602479864514009,64.440034828175186,74.744881296962077,97.125016348886774,2.91204395571237,1.3000000000002518,0.2236067977498773,1.2529964086144425,1.2529964086140433,0.36055512754657554,1.2206555615733963,1.1401754250992377,0.49999999999968164,1.1401754250991978,11.66283,0.0,55.556,11.111,0.0,22.222,11.111,1.24358,26.6496,8,5.562,13.20501,9.5920000000000005,50.600000000000001,39.808,10.0,-0.4288598871321704,4,84.25,11,226,2.4142171461976947,11.545098205550241,1381.0945844494702,1188.9918481388961,76.6875,8.7571399440684967,43.92265,34.80663,1,1,5.516,6.235,1.439,2.878,85.37170263788968,11.510791366906474,2.6378896882494005,0.47961630695443647,0.0,0.0
364958,2742,60,2742_60,451,7.2583744642801129,0.0,7.2583744642801129,0.0,10.227,7.25837,3273.52688,19.52486,19.52486,180.0,9,9,1.996,1.996,35.11930390568773,0.93606569968549824,0,0,7.539,8.647,90.0,90.0,92.174744114612537,95.194428907736409,98.130102354155923,100.3048464687658,101.30993247402013,153.43494882293504,169.69515353123401,179.99999879258175,0.10000000000000009,0.10000000000000009,0.707106781186542,0.10000000000002274,1.1180339887498945,1.118033988749917,0.22360679774997896,0.09999999999990905,1.0999999999999996,0.1414213562373266,7.42079,7e-05,0.0,30.0,20.0,10.0,40.0,0.02832,26.3223,14,4.636,9.39199,11.086,45.898000000000003,43.015999999999998,23.0,-0.5700192909300948,4,74.25,26,174,11.026285427490158,14.208126910650883,772.45929841376892,805.34599205020766,120.359375,10.970842036963251,27.01149,28.44828,3,0,10.421,12.195,3.104,3.991,81.1529933481153,11.751662971175167,4.434589800443459,1.7738359201773837,0.4434589800443459,0.4434589800443459
364959,2742,61,2742_61,232,12.604032408908994,0.02795,12.604032408908994,0.02795,5.323,12.60403,2924.13552,22.4751,22.4751,74.156,6,6,2.586,2.586,27.678711862757936,2.3554782193357018,0,1,8.19,6.034,23.198590513650188,24.393739386163393,25.33012384307095,27.178711814964803,28.159430388864962,29.801981286095845,37.497525837457836,41.763732473148551,54.044502624250939,54.661228737802055,4.440720662234961,3.4409301068170137,7.856844150166123,11.140017953306977,2.195449840010105,3.9560080889705715,4.404543109109089,7.992496481075268,6.236184731067558,1.910497317454149,12.76,0.02298,20.0,40.0,40.0,0.0,0.0,3.48154,26.96594,10,10.256,12.60403,0.0,48.707000000000001,51.292999999999999,0.0,0,2,112.0,24,200,12.068011727258343,26.627210445638028,1151.5892790837811,1450.2276979871417,0,0,31.03448,32.32759,2,1,12.5,11.207,3.448,2.586,85.77586206896552,12.931034482758621,1.293103448275862,0.0,0.0,0.0
364960,2742,62,2742_62,767,3.0219824909462223,0.00013,3.0219824909462223,0.00013,4.531,3.02198,2317.86057,21.58726,21.58726,180.0,10,5,1.304,0.652,24.390776974349276,0.37745598839653505,0,1,2.608,3.781,74.744881296944442,75.963756532073518,75.963756532073532,79.69515353123299,84.805571092265595,90.0,90.0,90.0,90.0,180.0,0.3000000000000682,1.2369316876853451,0.09999999999999432,0.29999999999999716,0.10000000000000853,0.09999999999999432,0.09999999999999432,0.09999999999999432,0.09999999999999432,0.10000000000002274,3.0356,0.00016,5.882,0.0,11.765,11.765,70.588,0.00042,16.47529,18,3.88,7.90977,50.847000000000001,27.901,21.251999999999999,8.5,-0.5299779731408086,4,63.75,5,134,0.080571566916381093,23.564005089575314,617.55990463382489,569.49979037208675,1047.4097222222222,32.363709957639621,36.64384,33.21918,2,2,4.563,6.258,1.304,1.173,87.22294654498045,10.560625814863103,1.4341590612777053,0.5215123859191656,0.0,0.2607561929595828
364961,2742,63,2742_63,1280,3.4541717038181439,0.0,3.4541717038181439,0.0,11.733,3.45417,4421.33978,18.17966,18.17966,180.0,23,15,1.797,1.172,25.116682215542063,0.49521993407059889,0,1,3.203,4.688,180.0,180.0,180.0,180.0,180.0,180.0,180.0,180.0,180.0,180.0,0.10000000000000142,0.10000000000000142,0.10000000000000142,0.10000000000000142,0.10000000000000142,0.10000000000000142,0.10000000000000142,0.10000000000000142,0.10000000000000142,0.10000000000000142,3.44968,2e-05,3.571,7.143,10.714,14.286,64.286,0.00209,56.34108,46,2.213,7.00014,32.813000000000002,38.594000000000001,28.594000000000001,8.4,-0.42963376407322273,10,45.399999999999999,5,123,0.21550705530292064,8.1888537805073138,507.41520521919091,420.6121817661641,431.62666666666678,20.775626745459853,38.17891,31.15016,2,1,5.078,7.891,1.484,1.172,79.375,11.796875,5.3125,1.328125,0.78125,1.40625
364962,2742,64,2742_64,680,12.738456004564094,0.00159,12.738456004564094,0.00159,4.038,12.73846,8662.15008,23.34524,23.34524,90.0,22,16,3.235,2.353,30.708370972726172,0.91720225304983205,0,2,6.176,5.441,21.565112602836532,22.804953672963652,22.952052536442366,23.880541208253231,25.769327624340573,25.954545484858961,55.581635520965648,56.309932474043599,71.565051177102418,86.633539336541901,15.453802121160946,9.141115905621135,4.8010415536628,5.799999999999868,6.98569967862929,5.6824290580700625,2.9274562336609766,1.0816653826388751,0.14142135623724117,0.22360679775005524,12.86518,0.00021,33.333,40.0,13.333,6.667,6.667,1.6736,67.94685,23,11.038,13.18224,7.3529999999999998,50.588000000000001,42.058999999999997,13.0,-0.4171254528959402,3,213.66666666666666,44,498,46.861576179599041,19.071911595494544,2809.8707525678988,2883.7998021734275,30.25,5.5,40.48706,32.87671,2,2,9.853,8.824,2.353,2.5,92.5,6.764705882352941,0.7352941176470589,0.0,0.0,0.0
364963,2742,65,2742_65,776,5.2747797492025317,0.00013,5.2747797492025317,0.00013,7.361,5.27478,4093.22909,20.06614,20.06614,180.0,14,14,1.804,1.804,37.341234679877104,1.1866225717266412,0,2,3.866,5.155,90.0,97.125016348933613,119.74488129696628,153.43494882291765,153.43494882292853,161.56505117701937,161.56505117702588,172.8749836510859,180.0,180.0,0.10000000000002274,0.14142135623726126,1.1401754250992078,0.6708203932498606,0.1000000000003638,0.14142135623726126,0.14142135623718088,0.3605551275465598,0.14142135623742205,0.14142135623742205,5.26327,0.00015,0.0,17.647,23.529,11.765,47.059,0.00184,42.21675,20,4.094,9.62343,32.216000000000001,37.371000000000002,30.411999999999999,12.0,-0.519497331712578,6,64.333333333333329,37,136,4.5808830474772266,15.883560752958674,533.45535387447228,675.0361803451658,519.22222222222229,22.786448214283467,34.90566,28.77358,2,2,5.799,7.474,1.546,1.675,84.66494845360825,11.34020618556701,2.577319587628866,0.3865979381443299,0.5154639175257731,0.5154639175257731
364964,2742,66,2742_66,278,1.2663122469929673,0.0,1.2663122469929673,0.0,4.197,1.26631,352.0348,8.66083,8.66083,100.305,3,4,1.079,1.439,6.2110935808854055,0.39305660865244457,0,0,2.158,2.518,34.905027242802106,41.820169880136604,42.878903603338969,43.754635733232092,44.999999999995929,45.000000000008143,45.00000000000815,47.121096396662033,74.744881296942381,88.069412558833022,1.2041594578792332,1.500000000000017,0.10000000000000853,3.4058772731852685,0.20000000000000284,0.09999999999999432,0.14142135623732158,1.9104973174542845,0.10000000000000853,0.806225774829855,1.31169,-0.0,0.0,0.0,0.0,16.667,83.333,0.00147,8.42214,10,2.074,4.62259,57.554000000000002,27.698,14.747999999999999,9.0,-0.657011187359019,4,13.75,5,36,0.21158189868688354,2.8719750826804198,88.443472172709448,82.001276366767229,387.44,19.683495624507351,32.0,28.0,2,0,3.597,3.597,0.36,0.36,88.84892086330935,8.992805755395683,1.7985611510791366,0.3597122302158273,0.0,0.0
364965,2742,67,2742_67,772,7.6211748890869888,0.0179,7.6211748890869888,0.0179,8.304,7.62117,5883.54701,21.70829,21.70829,180.0,24,22,3.109,2.85,50.117123361763397,0.67882892428994834,0,1,2.591,2.72,99.462322208025086,99.462322208027814,100.30484646876863,105.25511870305763,105.25511870305763,117.4075754377902,119.74488129694211,166.53479190518928,175.27201218115738,180.0,0.29999999999999716,1.2165525060596403,0.10000000000013642,1.1401754250991385,1.1401754250991385,2.7202941017469384,1.1401754250991376,1.2806248474865591,1.1704699910719643,0.29999999999999716,7.5962,0.01934,11.765,23.529,11.765,11.765,41.176,0.00273,38.07444,19,3.128,10.55893,19.43,44.301000000000002,36.268999999999998,7.0,-0.48749999999999893,9,30.555555555555557,7,97,0.90484340440527311,9.2346040644391962,367.52130959043114,284.67860520315077,532.59504132231405,23.078020741006238,42.08633,34.53237,1,1,4.404,4.275,1.295,0.518,83.67875647668394,11.658031088082902,2.9792746113989637,1.16580310880829,0.12953367875647667,0.38860103626943004
364966,2742,68,2742_68,427,10.604528063049527,0.0,10.604528063049527,0.0,8.804,10.60453,4528.13348,27.28095,27.28095,180.0,10,9,2.342,2.108,53.338012663039571,1.7064082252532247,0,2,10.539,11.71,49.037710620976121,52.765166018392897,55.304846468780489,59.308818859306477,61.699244233961657,68.962488974578136,100.30484646876582,106.69924423399422,180.0,180.0,3.310589071449384,2.220360331117498,0.14142135623722107,2.184032966784125,0.14142135623742205,1.3928388277184092,0.19999999999999574,1.0440306508910582,0.14142135623742205,0.14142135623742205,10.80445,7e-05,22.222,33.333,33.333,0.0,11.111,5.28432,54.35512,18,8.11,12.13272,7.0259999999999998,49.414999999999999,43.560000000000002,12.0,-0.5997221604663862,4,89.5,12,203,0.78062589303046614,44.829439995971462,1108.7834237080833,1128.5252569953968,1.0,1.0,26.80965,24.39678,6,2,14.052,16.628,5.621,6.323,78.68852459016394,18.26697892271663,1.873536299765808,0.468384074941452,0.0,0.702576112412178
364967,2742,69,2742_69,482,7.7398061028240619,0.0,7.7398061028240619,0.0,7.638,7.73981,3730.58654,16.66883,16.66883,180.0,12,10,2.49,2.075,24.227559167035963,0.84162620223697049,0,1,3.527,4.149,69.880366859189181,76.67546873810852,100.30484646876708,109.98310652190189,109.98310652190568,109.98310652190568,116.99182748898288,121.42956561483271,132.00965502483047,180.0,0.8062257748297985,1.7464249196573631,0.09999999999990905,0.09999999999990905,1.170469991071908,1.170469991071908,1.170469991072122,1.3341664064125789,1.6643316977092584,0.09999999999990905,7.79187,5e-05,0.0,30.0,30.0,20.0,20.0,1.04543,14.18471,20,5.438,9.57047,14.523,44.398000000000003,41.079000000000001,19.67,-0.25690235209163087,3,126.0,46,174,3.567075927245579,12.275357790947908,662.14119394181512,1236.6478441933607,539.44000000000005,23.225847670214321,39.84576,34.70437,1,1,7.261,7.261,1.452,1.66,84.23236514522821,12.863070539419088,1.037344398340249,1.037344398340249,0.4149377593360996,0.4149377593360996
364968,2742,7,2742_7,1008,12.274923442842454,0.00333,12.274923442842454,0.00333,4.756,12.27492,12373.12283,22.2596,22.2596,116.565,26,25,2.579,2.48,42.357107646959946,0.60350114341864347,0,1,4.067,4.266,43.607668382736875,44.999999999995929,46.996095886009286,50.238143888707761,53.10724803565757,55.304846468777761,63.43494882292201,65.040951812204355,94.398705354995599,105.25511870305773,2.3600847442410466,1.131370849898492,1.700000000000002,2.9614185789921676,1.8357559750689436,1.4142135623731915,1.1180339887498947,1.30384048104053,0.10000000000000142,1.1401754250991318,12.36506,0.00264,45.455,13.636,18.182,9.091,13.636,0.34863,17.42648,30,7.831,13.25711,5.952,48.412999999999997,45.634999999999998,8.0,-1.031013856964136,8,111.875,8,635,0.82317626313648395,18.024709256107929,3294.9560992807783,1539.8122285029995,37.583333333333336,6.1305247192498404,39.65702,38.90675,2,2,7.242,7.738,1.19,1.488,89.68253968253968,9.424603174603174,0.5952380952380952,0.2976190476190476,0.0,0.0
364969,2742,70,2742_70,734,7.7705549820199105,0.00019,7.7705549820199105,0.00019,7.16,7.77055,5703.58736,15.80032,15.80032,180.0,23,25,3.134,3.406,20.455164644702545,0.65596675429055518,0,1,2.589,2.589,64.983106521884764,64.98310652189808,66.801409486356306,77.471192290833159,78.690067525856193,82.874983651236505,90.0,90.0,94.184916125166524,168.69006752598807,0.28284271247436177,1.1704699910723355,1.0770329614269345,0.2236067977497756,0.14142135623750243,1.1401754250993772,0.1000000000003638,0.1000000000003638,0.3605551275464494,0.3605551275463962,7.83414,0.00022,0.0,18.75,43.75,18.75,18.75,0.092,28.04837,19,4.633,8.81071,8.1739999999999995,43.869,47.956000000000003,13.75,-0.23415034702501838,6,102.5,36,216,8.6457930601100159,4.7230220784744725,552.09178737935611,943.2486318977675,16.839506172839506,4.103596736137642,36.37771,40.24768,2,1,5.586,5.586,1.226,1.09,82.6975476839237,14.713896457765667,1.9073569482288828,0.4087193460490463,0.1362397820163488,0.1362397820163488
364970,2742,71,2742_71,463,6.3784161260663925,0.00031,6.3784161260663925,0.00031,6.599,6.37842,2953.20667,20.86936,20.86936,161.565,9,10,1.944,2.16,33.992308802649809,0.90665535169925382,0,1,6.479,6.048,57.094757077022528,60.255118703073059,63.434948822915494,65.480357311822004,66.779837281229092,75.963756532088382,84.920392139959361,85.683972480126712,86.185925165710799,86.185925165727156,0.6403124237433416,1.1401754250990384,0.22360679774997896,1.2529964086141183,7.925906888173713,0.14142135623722107,0.3605551275461656,0.5,1.0630145812734233,1.0630145812735943,6.48519,6e-05,10.0,0.0,50.0,0.0,40.0,0.00104,19.3614,14,4.784,9.14788,19.437999999999999,41.685000000000002,38.877000000000002,14.5,-0.4457002474158462,5,58.799999999999997,5,118,0.42979699981369868,6.488436024245404,464.52190871268874,582.81898102243395,598.69387755102048,24.468221789721877,27.63975,30.74534,1,1,9.071,8.639,1.944,1.728,81.6414686825054,15.334773218142548,2.8077753779697625,0.0,0.2159827213822894,0.0
364971,2742,72,2742_72,508,4.8627667967655341,0.00044,4.8627667967655341,0.00044,9.94,4.86277,2470.28553,17.62385,17.62385,173.454,13,9,2.559,1.772,21.976274670825845,0.88875223963784522,0,1,6.299,6.496,81.869897645844759,85.60129464500352,104.03624346792553,109.98310652189855,109.98310652189951,109.98310652189951,116.56505117707799,116.56505117707799,126.86989764584185,162.10812287080239,0.5000000000000341,0.22360679774990272,1.1661903789690717,0.10000000000002274,1.1704699910719225,1.1704699910719225,0.10000000000002274,0.10000000000002274,1.341640786499823,1.170469991071976,4.91318,0.00051,0.0,0.0,45.455,0.0,54.545,0.49705,28.62601,15,3.578,7.09116,13.779999999999999,47.835000000000001,38.386000000000003,11.25,-0.3497290626963277,7,42.571428571428569,15,102,2.3649177610661973,5.8404676009843124,279.41429141921532,346.36212610796252,117.86776859504131,10.856692341364441,34.00576,27.95389,3,2,8.661,10.63,1.772,2.165,78.14960629921259,15.15748031496063,4.921259842519685,1.1811023622047243,0.3937007874015748,0.1968503937007874
364972,2742,73,2742_73,836,9.2160663236615665,0.01288,9.2160663236615665,0.01288,7.233,9.21607,7704.63145,20.76078,20.76078,170.538,25,22,2.99,2.632,27.439193288206098,1.4701151045778094,0,1,5.383,6.1,53.130102354157458,57.425942865424403,57.790879201162006,65.556045219581677,71.565051177082879,84.805571092264699,84.805571092264699,84.80557109227,90.0,147.5288077091549,2.9068883707497606,0.7071067811865958,2.3323807579380262,1.2083045973593745,1.2649110640672439,1.1045361017186357,1.1045361017186357,0.20000000000004547,1.2000000000000455,1.3038404810406425,9.14926,0.01403,5.556,27.778,38.889,11.111,16.667,1.5619,34.23004,32,8.058,10.02192,3.589,52.392000000000003,44.018999999999998,9.5,-0.8711000552107403,8,74.5,6,295,0.2959437506465516,16.397214596716566,1184.1504492649422,811.38226686803785,51.039999999999999,7.1442284397967004,35.28646,27.99479,1,1,9.689,8.373,2.273,2.033,80.02392344497608,18.301435406698566,1.3157894736842106,0.11961722488038277,0.11961722488038277,0.11961722488038277
364973,2742,74,2742_74,1036,16.530044366051428,0.0,16.530044366051428,0.0,4.909,16.53004,17125.12596,43.06669,43.06669,180.0,14,15,1.351,1.448,46.751262600000921,1.9840648344606044,1,2,10.907,10.425,90.0,90.0,90.0,90.0,92.121096396668591,93.366460663900583,100.00797980147654,115.01689347813591,164.9910863233444,176.63353933660247,0.1000000000003638,0.1000000000003638,0.1000000000003638,0.1000000000003638,1.2083045973597883,1.2041594578796826,0.14142135623742205,1.1704699910720828,1.2206555615733312,0.31622776601626273,16.63584,0.00011,73.913,8.696,8.696,4.348,4.348,0.05795,44.35536,19,8.625,17.39713,1.931,50.579000000000001,47.490000000000002,9.5,-1.0531043856399864,4,238.75,23,792,4.3523764290083617,21.543253409525775,5982.1605195261591,4273.4758612658352,157.55555555555554,12.552113589175153,30.69106,28.76016,5,3,13.61,13.127,4.247,3.089,91.98841698841699,5.598455598455598,1.2548262548262548,0.8687258687258688,0.09652509652509653,0.19305019305019305
364974,2742,75,2742_75,245,5.2875446885265367,0.00465,5.2875446885265367,0.00465,16.257,5.28754,1295.44845,15.50806,15.50806,180.0,4,5,1.633,2.041,25.256646677038887,0.96979058349486724,0,0,6.939,8.98,97.943471810590339,106.26020470831196,108.43494882292201,108.43494882292201,109.98310652189855,109.98310652190378,111.80140948635632,114.14554196042025,114.44395478041611,168.69006752597875,0.7615773105863903,1.118033988749895,0.14142135623734164,0.14142135623734164,0.20000000000004547,1.1704699910720149,0.10000000000002274,0.14142135623734164,1.208304597359478,1.1401754250990384,5.47128,0.00395,0.0,0.0,40.0,20.0,40.0,0.75682,31.87024,7,2.839,6.37102,0.0,55.509999999999998,44.490000000000002,13.33,-0.2559025631780529,3,45.666666666666664,42,52,12.143704614321791,2.3643701331454823,81.318703908892658,407.40015307448567,15.440000000000001,3.9293765408777004,37.93103,27.58621,1,0,11.02,13.469,1.224,4.082,71.83673469387755,14.693877551020408,8.571428571428571,4.081632653061225,0.40816326530612246,0.40816326530612246
364975,2742,76,2742_76,575,6.7455966848213089,-0.0,6.7455966848213089,-0.0,10.577,6.7456,3878.71809,18.24829,18.24829,180.0,9,18,1.565,3.13,24.479499278771225,0.98806829791831341,0,1,7.13,6.957,90.0,90.0,93.366460663434282,98.746162262555629,102.99461679191464,105.06848815948121,111.3179122754548,116.56505117707799,135.00000000000205,176.82016988014342,0.10000000000013642,0.10000000000013642,0.2828427124746833,1.315294643796546,0.09999999999999432,1.2041594578792671,1.2206555615733963,1.118033988749895,1.1313708498984518,0.4999999999999545,6.84447,0.0,0.0,25.0,25.0,16.667,33.333,0.33779,16.49471,16,3.838,7.9366,3.4780000000000002,48.521999999999998,48.0,11.0,-0.883886301721745,5,82.200000000000003,21,193,4.1216793946864829,10.873668687924496,700.88129964238681,760.97464907521749,29.95918367346939,5.4734983030480047,27.86885,34.83607,3,3,13.217,12.348,4.0,4.0,77.91304347826087,15.130434782608695,5.043478260869565,1.391304347826087,0.17391304347826086,0.34782608695652173
364976,2742,77,2742_77,1543,18.762595132365231,6e-05,18.762595132365231,6e-05,3.228,18.7626,28950.68429,32.47768,32.47768,90.0,31,26,2.009,1.685,47.682211196417036,1.1911682231030003,1,2,9.851,9.462,38.773575080544376,40.29294671502641,44.999999999478881,44.999999999478881,44.999999999478881,44.999999999739451,44.999999999739451,56.309932474087027,56.309932474087027,89.999999999687347,9.32630687893124,2.7294688127907363,0.1999999999998181,0.1999999999998181,0.1999999999998181,0.14142135623589466,0.14142135623589466,1.0816653826401048,1.0816653826401048,0.2236067977491655,18.83581,7e-05,79.412,11.765,5.882,0.0,2.941,0.07602,73.40309,51,15.795,19.41476,2.5920000000000001,51.329000000000001,46.079000000000001,19.0,-0.7522778905697248,2,736.0,522,950,23.762813955111049,28.647441388343584,5887.0790191683327,14467.147916459053,74.0,8.6023252670426267,33.4004,29.64453,5,3,13.156,13.545,4.148,4.083,95.33376539209333,4.40699935191186,0.19442644199611148,0.06480881399870382,0.0,0.0
364977,2742,78,2742_78,260,5.5657071547715695,0.0,5.5657071547715695,0.0,6.959,5.56571,1447.08386,23.59343,23.59343,95.194,2,6,0.769,2.308,40.123019251939937,2.6252284698622605,0,1,3.462,5.385,45.0,45.000000000032564,49.267893300294176,50.194428907735869,60.161242578136395,79.695153531231895,79.695153531231895,84.805571092264131,94.763641690727539,95.194428907732927,0.20000000000004547,0.3000000000000682,1.5620499351812784,1.1045361017187507,0.905538513813778,1.1180339887499253,1.1180339887499253,1.1045361017187507,0.10000000000002274,1.1045361017187456,5.43322,7e-05,20.0,0.0,20.0,20.0,40.0,0.03123,25.45484,10,4.186,9.29262,19.231000000000002,42.308,38.462000000000003,11.0,-0.438630710050943,2,71.5,58,85,3.8160514689261249,29.191570948768952,357.49931367645712,715.92716256453173,142.57142857142858,11.940327825123923,34.83871,35.48387,1,1,4.615,8.462,1.923,1.538,83.07692307692308,12.692307692307692,3.076923076923077,1.1538461538461537,0.0,0.0
364978,2742,79,2742_79,1516,23.774356206496446,0.0,23.774356206496446,0.0,2.914,23.77436,36041.92401,35.53759,35.53759,180.0,10,12,0.66,0.792,88.604386702771549,0.95535995795554096,1,1,9.631,10.026,48.012787504194854,56.309932474000178,67.380135051971919,73.336520917169608,80.537677791946223,84.805571092239575,84.805571092239575,84.805571092350618,90.0,95.194428907743358,0.7000000000007276,1.4422205101868064,1.3000000000006717,2.353720459187253,0.2999999999992724,0.3999999999996362,0.3999999999996362,1.1045361017207682,0.10000000000218279,1.104536101720933,23.8795,4e-05,78.788,9.091,6.061,3.03,3.03,0.22122,40.85919,18,8.072,24.71679,9.2349999999999994,46.503999999999998,44.261000000000003,0.0,0,3,475.0,9,1190,0.060020674139542866,16.742323814972224,15223.94395319624,12000.651093629453,112.8888888888889,10.624918300339486,36.28258,33.19616,2,1,13.325,13.391,3.496,3.826,95.64643799472296,3.496042216358839,0.6596306068601583,0.13192612137203166,0.0,0.06596306068601583
364979,2742,8,2742_8,827,3.9820745655291176,0.00017,3.9820745655291176,0.00017,7.668,3.98207,3293.17567,16.27882,16.27882,180.0,8,7,0.967,0.846,28.199490860732954,0.426326950516148,0,0,3.144,3.748,153.43494882292202,180.0,180.0,180.0,180.0,180.0,180.0,180.0,180.0,180.0,0.09999999999999998,0.2,0.2,0.2,0.2,0.2,0.2,0.2,0.2,0.2,4.0305,2e-05,0.0,16.667,16.667,0.0,66.667,0.00261,12.20195,30,1.991,8.91866,47.158000000000001,29.262,23.579000000000001,9.0,-0.4238965401897281,2,158.5,38,279,6.7569221502179024,8.8707174485446156,1402.8770577770269,1608.1332499249993,8186.5432098765432,90.479518178848323,36.23978,33.24251,1,0,4.837,6.046,1.088,0.967,87.66626360338573,6.52962515114873,3.506650544135429,0.9673518742442564,0.12091898428053205,1.2091898428053205
364980,2742,80,2742_80,299,6.1569600665195283,0.00033,6.1569600665195283,0.00033,10.088,6.15696,1840.93106,19.2816,19.2816,95.194,5,5,1.672,1.672,35.812210632260438,1.2938535448344466,0,1,4.682,4.682,78.231711067979248,90.0,90.0,90.0,90.0,90.0,90.0,90.0,90.0,95.194428907735883,0.10000000000002274,0.4000000000000341,0.4000000000000341,0.4000000000000341,0.4000000000000341,0.4000000000000341,0.4000000000000341,0.4000000000000341,0.4000000000000341,0.10000000000002274,6.14093,0.00109,16.667,0.0,33.333,16.667,33.333,0.10154,17.68665,8,3.534,8.37901,13.378,45.819000000000003,40.802999999999997,12.0,-0.5190983005625223,2,95.0,51,139,14.587162908202711,6.0887849208920946,85.376261985748442,909.36294833193233,146.24489795918367,12.09317567718189,41.09589,32.42009,2,1,6.02,9.03,3.344,2.341,76.92307692307692,17.05685618729097,2.6755852842809364,3.3444816053511706,0.0,0.0
364981,2742,81,2742_81,975,8.6097521917026931,0.0,8.6097521917026931,0.0,7.913,8.60975,8394.50839,21.70829,21.70829,180.0,25,26,2.564,2.667,34.784597966701448,1.2013525560391742,0,1,4.923,5.026,84.805571092271592,90.0,90.0,90.0,162.89727103095373,180.0,180.0,180.0,180.0,180.0,1.1045361017190802,0.09999999999990905,0.09999999999990905,0.09999999999990905,1.3416407864998738,0.1999999999998181,0.1999999999998181,0.1999999999998181,0.1999999999998181,0.1999999999998181,8.61683,0.00012,4.762,38.095,23.81,4.762,28.571,0.00932,31.84662,32,5.621,10.17238,9.2309999999999999,49.231000000000002,41.537999999999997,8.67,-0.17026297590438583,9,83.222222222222229,8,287,1.5474588957119289,18.802617272598557,1081.2925865212965,921.95414957544381,352.359375,18.771237971961252,37.5,29.49029,3,1,8.103,8.205,1.744,2.051,83.58974358974359,12.615384615384615,2.769230769230769,0.3076923076923077,0.10256410256410256,0.6153846153846154
364982,2742,82,2742_82,203,6.0840198444317393,0.0,6.0840198444317393,0.0,8.939,6.08402,1235.05603,14.51689,14.51689,168.69,4,5,1.97,2.463,24.989874946353904,1.1437164852937862,0,1,5.419,8.867,44.999999999999986,44.999999999999986,44.999999999999986,63.43494882292201,68.198590513649307,68.198590513649307,101.30993247402648,105.25511870305803,109.98310652190116,141.93838580533455,0.09999999999999432,0.09999999999999432,0.09999999999999432,1.118033988749895,1.0770329614268923,1.0770329614268923,0.22360679774997896,1.140175425099163,0.10000000000002274,1.118033988749915,6.21377,0.00079,0.0,0.0,50.0,25.0,25.0,1.59996,15.8756,5,2.935,8.66676,4.9260000000000002,49.261000000000003,45.813000000000002,0.0,0,2,64.5,26,103,4.5691295249354722,8.883080671494378,375.09263268489269,609.87037532917236,57.805555555555564,7.6029964853046961,27.46479,28.87324,2,1,9.36,12.315,2.956,2.956,80.29556650246306,15.763546798029557,1.477832512315271,1.477832512315271,0.9852216748768473,0.0
364983,2742,83,2742_83,794,7.630239438340582,0.0,7.630239438340582,0.0,5.552,7.63024,6058.41011,24.05078,24.05078,166.293,13,15,1.637,1.889,47.111373065733062,1.2243397475324764,0,2,7.179,7.683,65.556045219586437,69.443954780400929,78.69006752599941,86.423665625001902,86.633539336569299,87.878903603339211,90.0,90.000000000004079,90.000000000004079,123.69006752598061,2.5632011235951637,2.4166091947188524,1.081665382639348,0.14142135623734164,1.2041594578791823,0.2236067977500298,0.09999999999999432,1.131370849898492,1.131370849898492,0.10000000000002274,7.64562,2e-05,5.882,29.412,23.529,5.882,35.294,0.0222,107.02535,27,4.868,11.07833,21.411000000000001,40.427999999999997,38.161000000000001,13.8,-0.2270611124445479,8,62.875,7,191,0.15199465132777837,17.61105292236428,755.86577670808049,748.85843181763926,796.56000000000017,28.223394551329225,27.83883,31.13553,2,2,10.327,11.587,3.275,2.897,87.02770780856423,9.94962216624685,2.392947103274559,0.3778337531486146,0.2518891687657431,0.0
364984,2742,84,2742_84,1064,22.833074083894054,-0.0,22.720325966749311,0.0,4.853,22.83307,24294.39083,36.6617,150.80066,180.0,16,13,1.504,1.222,118.11300037067198,1.9681076022979427,1,3,11.56,10.902,90.68602683919417,92.223961240387212,95.194428907760454,99.462322208053777,100.3048464687663,100.30484646881607,113.19859051371468,122.47119229084768,132.39743779755614,180.0,6.38200595424354,1.118033988749915,0.1000000000003638,0.2000000000007276,0.10000000000002274,0.2000000000007276,1.204159457879985,0.31622776601683344,0.31622776601712554,0.10000000000002274,22.91848,0.00014,78.261,4.348,8.696,4.348,4.348,0.41688,53.97425,16,8.733,23.8609,4.6989999999999998,51.222000000000001,44.079000000000001,2.0,-2.4982732283526503,5,197.0,10,679,0.65987735266578007,51.118168108600067,7158.1908237878315,4853.654532435743,128.66666666666666,11.343133018115703,34.74827,29.41757,14,8,14.85,14.85,5.263,4.981,90.0375939849624,7.8007518796992485,1.1278195488721805,0.6578947368421053,0.18796992481203006,0.18796992481203006
364985,2742,85,2742_85,834,9.277953747103334,0.0,9.277953747103334,0.0,7.349,9.27795,7737.81343,28.45224,28.45224,180.0,17,18,2.038,2.158,76.845509518409756,0.84497716860111616,0,1,4.317,5.875,94.763641690744166,95.194428907705984,95.194428907705984,95.194428907734689,130.03025927188764,130.23635830927176,178.15238973400136,180.0,180.0,180.0,1.2041594578790784,1.1045361017188124,1.1045361017188124,1.1045361017187487,2.3086792761230224,0.14142135623730648,0.6082762530301659,0.10000000000002274,0.10000000000002274,0.10000000000002274,9.35621,0.00025,22.222,16.667,11.111,22.222,27.778,0.226,39.04465,33,6.671,12.5492,19.184999999999999,45.923000000000002,34.892000000000003,14.67,-0.1391943595799277,7,78.285714285714292,9,291,0.13116329289531872,37.082665294454529,1762.1217438181527,1095.4797737152683,226.17283950617286,15.039043836167673,36.03896,26.94805,3,2,6.475,7.674,2.398,1.439,87.05035971223022,8.633093525179856,2.5179856115107913,0.9592326139088729,0.23980815347721823,0.5995203836930456
364986,2742,86,2742_86,419,17.352240714117926,0.0,17.352240714117926,0.0,6.009,17.35224,7270.58886,33.2453,33.2453,180.0,15,8,3.58,1.909,71.217045301933595,0.9026238717019458,1,1,2.625,3.103,54.6887865603751,56.309932473847354,59.944575513552422,67.217594269511267,68.198590513666147,71.565051177084513,75.963756532058198,77.66091272167769,108.79988515864193,161.56505117708451,1.3152946437966304,0.14142135623693972,1.5524174696259965,0.4123105625614186,0.1000000000003638,0.3162277660170177,1.099999999999909,1.0770329614267657,0.4123105625614186,0.3162277660170177,17.66294,0.00034,77.778,0.0,11.111,0.0,11.111,0.58339,44.11937,11,11.578,18.49654,4.7729999999999997,54.893000000000001,40.334000000000003,7.5,-0.25566809571415566,1,370.0,370,370,37.979367998667733,37.979367998667733,0.0,7246.2307112720555,8.2222222222222214,2.8674417556808756,45.80153,30.7888,1,1,6.205,6.683,0.955,0.955,92.36276849642005,3.818615751789976,3.1026252983293556,0.2386634844868735,0.2386634844868735,0.2386634844868735
364987,2742,87,2742_87,326,8.225711055629441,0.00069,8.225711055629441,0.00069,7.966,8.22571,2681.5818,19.01184,19.01184,180.0,7,7,2.147,2.147,32.292800328682091,0.98743396811550754,0,1,6.135,6.135,44.999999999967429,49.969740728098699,50.724240405088985,52.765166018418597,57.094757077008346,67.044827914119139,94.763641690727084,115.01689347813591,115.01689347813591,180.0,0.14142135623726126,0.5099019513592606,6.378871373526835,1.0770329614268501,1.2806248474865414,3.8013155617496546,0.10000000000002274,0.14142135623742205,0.14142135623742205,0.14142135623742205,8.41821,0.00049,14.286,14.286,42.857,0.0,28.571,0.03106,21.92127,15,6.154,10.24789,12.27,48.773000000000003,38.957000000000001,18.0,-0.32183537693591907,4,61.75,8,190,1.9016964001305126,13.067719323494257,895.43652909071466,665.0533561811153,162.6875,12.754901018824098,36.78161,27.20307,1,1,8.896,9.816,3.374,2.147,80.3680981595092,16.56441717791411,1.5337423312883436,0.9202453987730062,0.0,0.6134969325153374
364988,2742,88,2742_88,467,3.194350791705598,0.00244,3.194350791705598,0.00244,13.549,3.19435,1491.76182,11.3565,11.3565,180.0,6,5,1.285,1.071,8.898606959572648,0.83182823531152306,0,1,5.139,8.994,90.0,97.125016348899834,101.30993247403482,120.96375653207359,124.99202019855878,133.73818246111384,138.36646066342988,142.12501634889932,149.03624346792793,171.86989764584362,0.10000000000000853,0.14142135623730648,0.14142135623730148,1.1661903789690609,0.09999999999999432,1.3152946437965913,0.10000000000000142,0.10000000000002274,0.10000000000002274,0.14142135623731025,3.25272,0.00014,0.0,0.0,10.0,10.0,80.0,0.12836,7.89019,22,2.28,3.85579,6.4240000000000004,52.463000000000001,41.113,0.0,0,7,33.857142857142854,8,102,0.67396042403040268,2.9205417826648752,209.20816227559624,192.4396786461684,13.387755102040815,3.6589281356759136,36.01036,28.49741,1,1,8.779,12.634,2.57,1.713,73.01927194860814,17.34475374732334,7.0663811563169165,0.8565310492505354,1.284796573875803,0.4282655246252677
364989,2742,89,2742_89,421,8.3744611424007811,-0.0,8.3744611424007811,-0.0,6.572,8.37446,3525.64814,19.87083,19.87083,96.459,9,13,2.138,3.088,29.697379196747168,0.92746387408075048,0,1,3.8,4.988,45.000000000024436,45.000000000024436,45.000000000024436,45.000000000032564,45.000000000105835,46.847610265962579,56.309932474033999,63.43494882294155,90.0,90.0,0.14142135623724117,0.14142135623724117,0.14142135623724117,0.09999999999990905,0.14142135623756272,0.3605551275461814,0.09999999999999432,0.09999999999990905,0.09999999999999432,0.09999999999999432,8.46051,0.00018,11.111,11.111,44.444,22.222,11.111,2.35052,21.89204,15,6.916,9.61859,11.875999999999999,44.417999999999999,43.704999999999998,24.0,-0.12880248849199438,5,68.200000000000003,11,131,1.5217861623162321,15.877246366209391,612.18531429213544,698.43535605127613,0.0,0.0,33.87978,33.06011,1,1,8.789,8.551,1.425,1.663,82.42280285035629,14.726840855106888,2.137767220902613,0.7125890736342043,0.0,0.0
364990,2742,9,2742_9,1019,16.446754009362131,0.0,16.446754009362131,0.0,4.671,16.44675,16759.24234,27.49254,27.49254,180.0,19,18,1.865,1.766,66.314518080555359,0.52824819381892807,1,0,2.453,3.631,64.249525872669409,73.984560393731925,74.500724623532108,74.744881296982314,74.744881296982314,79.695153531292334,88.451842301149071,90.0,100.30484646879938,180.0,1.1045361017191213,1.118033988750383,1.1180339887491626,1.1401754250992977,1.1401754250992977,0.2000000000007276,1.17046999107218,0.0999999999994543,0.3000000000010914,0.09999999999854481,16.60853,9e-05,63.636,18.182,4.545,4.545,9.091,0.19612,69.87446,20,9.332,17.50545,14.720000000000001,45.436999999999998,39.843000000000004,29.33,-0.4463020033991531,6,154.33333333333334,8,637,0.21935410107261633,26.854080301890129,4660.6272818504294,2788.1634762044719,46.640000000000001,6.8293484315855491,43.15569,39.70742,0,0,6.084,6.477,0.883,0.785,92.44357212953877,5.593719332679097,1.5701668302257115,0.19627085377821393,0.0,0.19627085377821393
364991,2742,90,2742_90,635,12.671120230886286,0.00189,12.671120230886286,0.00189,6.421,12.67112,8046.16135,29.44368,29.44368,180.0,15,15,2.362,2.362,50.133294771589668,0.83165311739580883,0,0,4.252,4.724,79.695153531243349,79.695153531243349,79.695153531243349,84.805571092293235,90.0,90.0,90.0,100.30484646875666,180.0,180.0,1.1180339887498847,1.1180339887498847,1.1180339887498847,1.1045361017186426,1.099999999999966,1.099999999999966,1.099999999999966,0.2999999999992724,0.10000000000002274,0.10000000000002274,12.83673,0.00044,35.714,35.714,7.143,14.286,7.143,0.11209,135.02648,19,9.188,13.63061,4.7240000000000002,50.709000000000003,44.567,0.0,0,3,187.33333333333334,40,399,5.702736227583876,31.86918572910211,2681.5169551946879,2674.3208804262108,54.6875,7.3950997288745199,41.52542,36.61017,2,1,7.559,8.976,1.89,2.835,89.60629921259843,7.4015748031496065,1.889763779527559,0.6299212598425197,0.0,0.47244094488188976
364992,2742,91,2742_91,1017,10.699911739173551,0.0,10.699911739173551,0.0,7.833,10.69991,10881.81024,30.84153,30.84153,180.0,19,13,1.868,1.278,77.675566256688612,1.0765851261711916,0,1,9.243,9.341,112.83365417794114,114.44395478041611,114.44395478041611,116.56505117707799,153.43494882292202,165.96375653206584,179.99999879258175,180.0,180.0,180.0,1.2369316876853864,1.208304597359478,1.208304597359478,0.1000000000003638,0.2236067977500298,0.10000000000002274,0.14142135623734164,0.14142135623726126,0.14142135623726126,0.14142135623726126,10.75282,8e-05,27.273,13.636,27.273,9.091,22.727,0.02634,43.10105,24,4.936,12.38515,8.8499999999999996,48.869,42.280999999999999,11.0,-0.1907022289695674,6,128.16666666666666,15,361,0.34434881925548189,59.142946786315456,2234.6376983574642,1793.3585583859476,249.80555555555557,15.805238231534366,33.94077,29.38497,5,2,13.864,13.078,4.228,3.736,83.38249754178958,12.88102261553589,1.8682399213372665,1.1799410029498525,0.19665683382497542,0.4916420845624385
364993,2742,92,2742_92,319,9.0145668150345877,0.00044,9.0145668150345877,0.00044,10.241,9.01457,2875.64681,23.62393,23.62393,180.0,6,5,1.881,1.567,67.846331218781884,1.369279210086936,0,1,4.389,7.837,79.695153531231369,79.695153531231369,79.695153531231369,79.695153531237096,105.25511870305529,119.74488129694475,168.6900675259773,180.0,180.0,180.0,0.10000000000002274,0.10000000000002274,0.10000000000002274,0.10000000000002274,1.1401754250991478,0.14142135623734164,0.20000000000004547,0.09999999999990905,0.09999999999990905,0.09999999999990905,9.12399,0.00128,42.857,14.286,0.0,0.0,42.857,0.10778,36.3494,11,4.494,12.46818,9.4039999999999999,50.783999999999999,39.811999999999998,16.0,-1.2040685605423145,2,94.5,87,102,18.44886783636419,26.29027960943985,73.845558388579889,1416.8986515101401,54.098765432098759,7.3551862948601618,33.91304,27.3913,2,1,7.524,11.285,2.194,2.194,82.44514106583073,11.285266457680251,4.075235109717869,0.6269592476489029,0.31347962382445144,1.2539184952978057
364994,2742,93,2742_93,284,5.7678709773988768,0.00035,5.7678709773988768,0.00035,7.194,5.76787,1638.07536,14.85295,14.85295,95.194,6,4,2.113,1.408,15.84191086695297,0.90958885726641325,0,0,7.394,8.803,30.359533033158247,30.802898475637932,32.306473356269215,33.512620737630492,34.648690083522155,44.999999999999986,47.489552921997678,50.194428907736402,90.0,90.0,9.148223871331593,4.802082881417182,4.219004621945801,5.99082632030002,6.19838688692468,0.14142135623734164,0.4000000000000057,1.1045361017186375,1.1000000000000227,1.1000000000000227,5.9094,0.00094,0.0,0.0,33.333,50.0,16.667,0.01136,8.70815,12,5.591,7.07242,14.085000000000001,42.606000000000002,43.310000000000002,16.0,-0.46352685060823895,1,223.0,223,223,9.1250956112128936,9.1250956112128936,0.0,1629.4543044682148,420.25,20.5,31.60173,32.03463,2,0,9.859,11.268,3.169,4.225,77.8169014084507,20.422535211267604,0.704225352112676,1.056338028169014,0.0,0.0
364995,2742,94,2742_94,242,9.1078556528259469,0.0,9.1078556528259469,0.0,4.73,9.10786,2204.10107,25.46625,25.46625,40.639,7,10,2.893,4.132,52.477874498195519,1.3708617296527275,0,1,6.198,6.198,22.975554436237573,23.695967515816406,24.969758636624519,25.724707425267773,28.141601232261856,28.821502688435412,30.395853620314057,33.966439356638645,34.153521761861505,37.303948277980787,2.247220505424322,4.810405388322247,7.043436661176119,7.683749084919417,7.615773105863909,8.570880934886416,6.120457499239744,5.993329625508681,2.4413111231467925,1.1661903789690133,9.30446,0.00049,20.0,20.0,40.0,0.0,20.0,0.00221,83.03583,11,7.012,12.36999,24.792999999999999,36.363999999999997,38.843000000000004,13.0,-0.40928920865397467,1,173.0,173,173,28.022613032245054,28.022613032245054,0.0,2197.7628112601092,0.0,0.0,32.02247,33.14607,1,1,7.438,7.025,2.479,2.066,84.29752066115702,15.702479338842975,0.0,0.0,0.0,0.0
364996,2742,95,2742_95,377,9.0445038828017061,0.0,9.0445038828017061,0.0,7.175,9.0445,3409.77796,23.23123,23.23123,180.0,2,6,0.531,1.592,47.857904421146671,1.6256620147116134,0,2,7.958,11.141,63.43494882292201,74.744881296941969,74.744881296941969,74.744881296944726,101.30993247402273,109.98310652190116,109.98310652190116,115.01689347810147,116.56505117707799,160.01689347810148,0.20000000000004547,1.140175425099163,1.140175425099163,0.10000000000002274,1.1401754250991478,1.1704699910719956,1.1704699910719956,0.14142135623734164,0.10000000000002274,1.170469991071976,9.12214,0.00038,25.0,0.0,50.0,12.5,12.5,0.0494,55.40506,15,5.379,10.91742,7.9580000000000002,46.418999999999997,45.622999999999998,0.0,0,3,88.666666666666671,9,193,0.47061853197140618,21.784501787533042,967.97079648667489,1125.0940130184933,126.6875,11.255554184490428,26.28205,27.88462,5,4,12.202,15.385,5.04,4.775,87.26790450928382,8.222811671087532,2.6525198938992043,1.3262599469496021,0.26525198938992045,0.26525198938992045
364997,2742,96,2742_96,332,9.6874981271896168,0.00448,9.6874981271896168,0.00448,18.564,9.6875,3216.24938,25.49216,25.49216,180.0,6,7,1.807,2.108,73.419608951360303,1.4959457799648594,0,3,4.518,4.217,93.366460663491338,101.3099324740102,105.25511870305378,111.50143432404232,114.22774531796244,127.87498365109519,152.42986281766989,165.25643716352181,168.6900675259898,168.69006752605495,0.14142135623734164,0.14142135623718088,1.1401754250992577,1.2165525060596962,0.3605551275463863,0.09999999999990905,1.1401754250992377,1.3892443989449281,0.14142135623718088,0.3605551275463863,9.83708,0.00185,28.571,14.286,28.571,0.0,28.571,0.14557,42.4236,8,4.278,11.41191,9.0359999999999996,43.072000000000003,47.892000000000003,0.0,0,3,71.0,8,160,1.218771890592697,26.09117135178996,1231.0376475912892,1050.1412869537564,9.3469387755102051,3.0572763655760995,34.87544,37.72242,4,3,8.133,10.542,2.711,3.313,66.56626506024097,17.16867469879518,12.349397590361447,2.108433734939759,1.5060240963855422,0.30120481927710846
364998,2742,97,2742_97,362,2.6357209212731592,-0.0,2.6357209212731592,-0.0,11.268,2.63572,954.13097,15.02165,15.02165,180.0,2,6,0.552,1.657,15.829052573229266,1.5556050745694421,0,2,2.486,3.591,80.537677791974161,85.236358309274095,85.601294645004714,86.520891107151527,86.63353933657028,94.763641690725962,103.67130713219036,172.23483398157535,180.0,180.0,1.2165525060596332,1.2041594578792318,0.22360679774998216,2.8635642126552727,0.31622776601684244,0.09999999999999432,1.2041594578792176,0.5385164807134515,0.19999999999999574,0.19999999999999574,2.61273,3e-05,0.0,0.0,12.5,0.0,87.5,0.02736,24.1657,13,2.397,4.84745,30.387,41.436,28.177,6.25,-0.241183768691771,4,29.0,10,75,4.7989515432284007,9.461148095322585,273.26765487819733,215.55754753222197,83.34693877551021,9.1294544620974047,39.28571,30.10204,2,2,4.972,7.182,1.105,1.381,77.62430939226519,13.259668508287293,7.458563535911602,0.5524861878453039,0.0,1.1049723756906078
364999,2742,98,2742_98,503,14.406207547297498,0.0002,14.406207547297498,0.0002,6.584,14.40621,7246.3224,26.29373,26.29373,105.255,16,13,3.181,2.584,54.328480326852628,0.8499091113336783,0,1,2.783,1.59,68.198590513636219,70.65704314762695,71.565051177025879,76.328692867770016,80.727398222848322,100.47423482823864,105.25511870302371,105.25511870302371,105.25511870306781,105.25511870306781,1.6155494421404863,6.824954212300478,1.099999999999909,0.31622776601712554,1.2041594578790784,0.5385164807133829,1.140175425098859,1.140175425098859,1.140175425099098,1.140175425099098,14.61971,0.00017,45.455,27.273,18.182,0.0,9.091,0.1812,45.8934,9,10.526,15.54144,9.9399999999999995,51.491,38.569000000000003,0.0,0,2,221.0,22,420,3.4258008979495957,28.958046951868617,3422.2300526943131,3612.2400849699602,40.222222222222221,6.342099196813483,50.64378,32.40343,2,1,4.771,4.97,1.193,1.193,90.25844930417495,5.36779324055666,3.1809145129224654,1.1928429423459244,0.0,0.0
365000,2742,99,2742_99,421,4.8447069355246235,0.0,4.8447069355246235,0.0,12.854,4.84471,2039.62162,15.20526,15.20526,109.983,8,5,1.9,1.188,19.2877933312074,0.75679841442354001,0,0,5.938,7.601,83.41805534482198,84.36931724235798,86.63353933657018,89.999999999988319,94.763641690732925,98.130102354149486,104.0362434679265,104.03624346792662,109.98310652189855,109.98310652189987,0.223606797749979,2.25610283453574,1.2041594578792296,0.36055512754641783,1.118033988749895,0.31622776601680197,0.14142135623730964,1.1661903789690602,1.170469991071976,1.1704699910719634,4.95605,0.00052,0.0,11.111,22.222,0.0,66.667,0.24591,17.76931,9,4.758,5.48509,2.375,55.344000000000001,42.280000000000001,4.5,-1.0932827940186387,5,52.600000000000001,11,129,0.072944404293067824,11.581956993844333,414.70588865549388,388.39362513020944,5.2222222222222223,2.2852182001336816,34.23181,28.84097,0,0,9.739,12.589,2.138,2.85,70.07125890736341,21.61520190023753,6.65083135391924,1.66270783847981,0.0,0.0
