id,driver,trip,driver_trip,duration,avg_speed,avg_acc,avg_corrected_speed,avg_corrected_acc,avg_angle_change,avg_distance,total_distance,fastest_speed,longest_distance,max_angle_change,times_speed_up,times_speed_down,per_speed_up,per_speed_down,var_corrected_instant_speed,var_corrected_instant_acc,highway,num_of_acc_4,hard_acc2,hard_brak2,angle1,angle2,angle3,angle4,angle5,angle6,angle7,angle8,angle9,angle10,speed1,speed2,speed3,speed4,speed5,speed6,speed7,speed8,speed9,speed10,speed_fill,acc_fill,per_of_speed_15,per_of_speed_11_15,per_of_speed_7_11,per_of_speed_5_7,per_of_speed_5,min_var,max_var,time_of_turning,avg_speed_turning,avg_speed_excluding_stop,10s_constant,10s_acceleration,10s_deceleration,time_taken_stop,max_dec,num_stop,avg_num_period,min_period,max_period,var_min_p,var_max_p,sd_distance,avg_dist_traveled,var_dur_stop,std_dur_stop,pro_acc_below1,pro_dec_below1,num_of_acc_3,num_of_acc_35,hard_acc15,hard_brak15,hard_acc25,hard_brak25
92401,1448,1,1448_1,750,10.74923,-0.0,10.74923,-0.0,5.776,10.74923,8061.92262,20.92463,20.92463,93.814,17,18,2.267,2.4,32.317544197865317,0.73123067840226574,0,1,2.8,2.8,65.376435213834412,65.772254682045315,71.565051176973768,78.690067525980012,78.690067525984063,78.690067525984063,79.992020198291115,79.992020198812227,88.152389734259472,90.0,1.280624847486568,1.2165525060596472,1.1313708498987332,1.0816653826392062,1.0816653826392062,1.0816653826392062,0.14142135623718088,1.220655561573266,0.14142135623718088,0.14142135623782398,10.82393,6e-05,12.5,37.5,37.5,0.0,12.5,0.0969,22.67155,19,7.083,12.30384,18.667000000000002,43.600000000000001,37.732999999999997,11.33,-0.6519847291700557,6,108.33333333333333,7,505,0.57902777434494468,15.659974575489059,2409.2407063041614,1336.8133078218195,155.84,12.483589227461788,44.32515,38.19018,1,1,4.8,5.333,1.333,1.2
92402,1448,10,1448_10,802,9.61124,0.00018,9.61124,0.00018,7.099,9.61124,7708.2161,21.12842,21.12842,180.0,17,19,2.12,2.369,41.184351078776274,0.92668612692931829,0,2,2.618,3.367,85.23635830915164,85.23635830915164,91.548157698977292,95.19442890775403,108.43494882293203,110.85445803958349,111.80140948633385,119.74488129706251,153.43494882294806,180.0,0.22360679774997896,0.22360679774997896,0.31622776601684915,0.1000000000003638,1.140175425099098,2.247220505424403,1.0770329614267657,1.140175425099098,0.22360679775023318,0.1999999999999318,9.67263,4e-05,23.529,23.529,23.529,5.882,23.529,0.1139,38.02639,23,4.79,11.79218,11.222,47.756,41.021999999999998,14.67,-0.38605464386212895,9,70.333333333333329,5,320,1.1072977036618004,17.30962291021147,1433.157084740287,848.1996823189769,766.69387755102036,27.689237576195925,43.29738,36.36364,2,2,5.362,6.858,1.621,1.496
92403,1448,100,1448_100,266,4.59924,0.0,4.59924,0.0,10.135,4.59924,1223.39739,14.37846,14.37846,177.274,9,7,3.383,2.632,19.868247683443606,1.2378309895119288,0,2,5.639,6.391,74.744881296938033,75.323606862554101,78.690067525986834,80.537677791974318,82.874983651108849,86.633539336536728,93.652222780322759,149.67639313745141,165.96375653207656,176.8201698801355,1.2649110640674057,1.2041594578791823,0.3605551275464336,0.8602325267042534,0.28284271247464315,0.14142135623726126,0.14142135623730148,1.1401754250991478,1.1313708498985322,0.4999999999999995,4.75127,8e-05,0.0,0.0,20.0,40.0,40.0,0.59421,17.97072,9,2.885,7.93368,15.038,46.991999999999997,37.969999999999999,13.0,-0.42729566647115835,4,36.5,20,55,8.8885980156409463,6.6852278527977607,154.55967310489288,295.55009506514989,1023.5,31.992186546092782,26.0,26.66667,2,2,9.398,10.526,3.383,2.256
92404,1448,101,1448_101,716,11.57501,0.0,11.57501,0.0,4.623,11.57501,8287.70572,20.78581,20.78581,108.435,10,10,1.397,1.397,30.768784946581448,0.53276826702192459,0,2,1.117,1.397,31.131065208280759,33.373879126700196,44.999999999869729,44.999999999869729,45.000000000130271,45.000000000130271,45.000000000130271,45.000000000130271,90.000000000104222,97.125016348767517,8.868483523128432,4.42831796509714,0.14142135623750243,0.14142135623750243,0.1414213562368593,0.1414213562368593,0.1414213562368593,0.1414213562368593,0.22360679774997896,0.14142135623750243,11.66236,0.00018,26.667,46.667,13.333,6.667,6.667,0.10387,12.95,16,6.545,12.80069,34.915999999999997,33.658999999999999,31.425000000000001,0.0,0,1,644.0,644,644,17.90571601938731,17.90571601938731,0.0,8278.5557750723347,0.0,0.0,47.60433,43.8949,2,2,2.793,2.933,0.698,0.978
92405,1448,102,1448_102,338,11.91608,0.0,11.91608,0.0,3.021,11.91608,4027.63396,21.10663,21.10663,108.435,3,7,0.888,2.071,45.836758660788078,0.80400325719131782,0,1,0.592,0.888,11.164880177556316,11.464493144459269,17.470928127553716,17.798997569122033,18.434948822922038,18.580001119399256,18.636339134186667,19.653824058055068,25.201123645479502,27.014169029460529,2.886173937932274,6.772001181334831,1.3341664064125278,4.904079934095329,0.14142135623718088,3.324154027718638,1.486606874731722,2.5,1.8788294228057123,4.071854614300733,12.09779,0.00011,28.571,42.857,14.286,0.0,14.286,0.52389,7.88537,4,2.215,14.35696,38.462000000000003,31.657,29.882000000000001,8.0,-0.3328208925228123,1,272.0,272,272,16.794834560506267,16.794834560506267,0.0,4001.0747855889276,0.0,0.0,44.64286,50.0,1,1,2.367,1.479,0.296,0.296
92406,1448,103,1448_103,243,4.30898,0.00116,4.30898,0.00116,32.027,4.30898,1047.08168,19.34373,19.34373,180.0,4,5,1.646,2.058,18.82492997925787,6.5797597210514356,0,8,16.461,13.992,154.26929439846884,163.07248693585296,165.1098176326729,172.87498365109727,173.65980825409045,175.09723920768636,176.8201698801403,178.99491399474985,179.4334347389788,179.99999879258175,1.5297058540778354,1.2369316876852983,2.220360331117451,1.1313708498985222,0.1414213562373105,2.0024984394500778,0.3605551275464336,1.1401754250991705,2.33452350598575,0.5000000000000455,4.42923,0.00321,0.0,0.0,0.0,40.0,60.0,8.10852,26.40628,5,2.683,5.77223,0.0,50.616999999999997,49.383000000000003,5.67,-0.8028889400352214,6,18.0,5,57,0.6655103426836444,14.860654446579582,185.52903938439155,136.63415564428544,45.25,6.7268120235368549,28.90173,25.43353,11,8,21.811,20.988,10.7,7.819
92407,1448,104,1448_104,330,14.13056,0.00279,14.13056,0.00279,4.657,14.13056,4663.08427,44.97555,44.97555,72.897,7,5,2.121,1.515,39.534986049917961,4.6996537014274553,0,2,4.848,3.03,23.198590513651187,23.87996685860919,24.950216631118799,25.746063977882606,34.69019586234446,35.115041798503441,40.301319482702155,54.462322208016815,64.953799220350007,70.463345061872573,1.5,3.4713109915420084,4.830113870293512,4.548626166217816,4.539823785126485,2.640075756488845,1.7029386365927202,1.216552506059659,2.745906043549241,0.7071067811865476,14.30299,0.00623,42.857,28.571,28.571,0.0,0.0,0.40796,23.05818,11,9.262,14.45654,18.181999999999999,42.121000000000002,39.697000000000003,17.0,-0.4061147488857569,2,158.5,90,227,9.9024114165768786,23.358673671977165,1543.0311946239119,2325.4782966862354,0.0,0.0,44.09938,38.19876,2,2,6.97,6.061,1.212,2.121
92408,1448,105,1448_105,459,0.33856,-0.0,0.33856,-0.0,9.5,0.33856,155.40053,5.0448,5.0448,180.0,0,0,0.0,0.0,0.71703070027380655,0.20252953458217179,0,0,0.218,4.357,100.30484646876604,100.30484646876604,100.30484646876604,100.30484646876623,105.25511870305778,105.25511870305778,105.25511870305778,105.2551187030578,105.25511870305782,105.25511870305782,0.20000000000000018,0.20000000000000018,0.20000000000000018,1.1180339887498898,1.140175425099138,1.140175425099138,1.140175425099138,0.20000000000000018,1.1401754250991383,1.1401754250991383,0.34518,4e-05,0.0,0.0,0.0,0.0,100.0,0.029,2.92212,14,0.258,3.51391,43.573,35.293999999999997,21.132999999999999,0.0,0,1,25.0,25,25,0.68844102686785424,0.68844102686785424,0.0,87.847733938944558,23104.0,152.0,36.0,32.0,0,0,1.307,8.061,0.0,0.0
92409,1448,106,1448_106,223,7.03513,-0.0,7.03513,-0.0,11.33,7.03513,1568.83362,15.96653,15.96653,180.0,3,8,1.345,3.587,27.361632939235559,1.3127030328325608,0,1,6.278,7.175,44.999999999983729,83.884496433713167,90.0,100.30484646876863,115.01689347808421,144.16234704572156,180.0,180.0,180.0,180.0,0.10000000000002274,0.509901951359283,0.10000000000002274,1.1180339887498694,0.14142135623730148,1.2369316876852348,0.10000000000002274,0.10000000000002274,0.10000000000002274,0.10000000000002274,7.20413,0.00013,0.0,0.0,75.0,0.0,25.0,10.57,18.63252,11,6.862,9.74584,13.452999999999999,45.290999999999997,41.256,0.0,0,2,79.5,61,98,9.7125801991514944,11.35909958395661,251.84990321573326,779.66693503543229,702.25,26.5,27.5,30.0,2,2,9.865,10.314,4.036,1.794
92410,1448,107,1448_107,702,12.26948,0.0,12.26948,0.0,7.051,12.26948,8613.17215,23.2422,23.2422,180.0,15,16,2.137,2.279,46.09802139026435,0.65154476147744644,0,0,4.274,4.558,72.181111085477212,90.0,90.0,90.0,90.0,134.99999999999389,161.56505117707798,172.87498365108613,175.60129464501512,180.0,1.3152946437965907,0.09999999999999987,0.09999999999999987,0.09999999999999987,0.09999999999999987,1.1313708498986128,0.14142135623718088,0.3605551275464494,0.4472135955001613,0.10000000000000053,12.44377,5e-05,33.333,40.0,13.333,0.0,13.333,0.09683,33.64779,23,7.317,14.23438,15.67,46.866,37.463999999999999,9.67,-0.46214606693466315,5,119.8,6,272,0.32734462925733815,16.707132329245447,1583.6826075698598,1715.7520493174095,383.1875,19.575175605853449,43.94693,34.4942,0,0,7.123,6.41,1.425,2.279
92411,1448,108,1448_108,754,11.53452,0.0,11.53452,0.0,5.586,11.53452,8697.02455,19.74968,19.74968,176.241,18,12,2.387,1.592,26.7537096747775,0.47020857899546298,0,0,3.979,3.979,59.036243467910197,74.05460409920498,75.963756532088851,79.330217195528249,80.425772114874789,81.285267125135377,85.815083874851524,104.0362434679367,110.55604521959062,161.56505117694775,1.1313708498984119,0.14142135623750243,1.1661903789692474,1.2041594578788142,2.334523505985244,0.41231056256139104,0.3605551275464494,0.1000000000003638,0.14142135623782398,0.1414213562368593,11.67071,0.00016,31.25,31.25,31.25,0.0,6.25,0.41832,21.35025,20,7.827,12.67589,19.893999999999998,42.573,37.533000000000001,11.0,-0.7098934048599971,4,168.0,7,449,0.26637691077242975,9.2616384720577134,2493.7420360788192,2164.6617538267892,400.0,20.0,45.61404,39.18129,1,0,5.703,6.101,1.724,0.928
92412,1448,109,1448_109,1102,8.86784,0.0,8.86784,0.0,7.084,8.86784,9772.3627,20.53728,20.53728,180.0,23,27,2.087,2.45,36.354522974690639,0.48209217659372244,0,1,2.269,3.085,97.125016348778047,124.99202019855878,134.99999999999949,135.00000000002441,153.43494882289599,161.56505117720178,164.87599269165813,180.0,180.0,180.0,1.1401754250990084,1.2206555615733719,0.09999999999999432,1.1313708498979294,0.0999999999994543,0.1414213562375828,1.0630145812736318,0.1414213562372452,0.1414213562372452,0.1414213562372452,8.93303,0.00015,16.667,25.0,16.667,12.5,29.167,0.1139,22.23888,27,4.217,10.74383,13.612,45.554000000000002,40.835000000000001,16.0,-0.46265073188211603,9,98.888888888888886,6,477,0.2638472260921389,18.396943640309296,1793.953241731157,1078.6119464371959,567.83999999999992,23.829393613770367,44.53039,39.22652,1,1,3.993,5.445,1.089,1.361
92413,1448,11,1448_11,1505,3.28387,-0.0,3.28387,-0.0,13.059,3.28387,4942.2312,16.70269,16.70269,180.0,28,33,1.86,2.193,15.813616446221168,0.28298541420820827,0,0,0.199,0.332,161.56505117708451,165.96375653207352,165.96375653208884,176.82016988013905,180.0,180.0,180.0,180.0,180.0,180.0,0.30000000000001137,0.3999999999996362,0.41231056256183224,0.1000000000003638,0.1,0.1,0.1,0.1,0.1,0.1,3.30561,-0.0,0.0,3.03,15.152,3.03,78.788,0.00496,26.49851,48,1.773,6.61167,35.216000000000001,32.957000000000001,31.827000000000002,18.75,-0.05549405158390482,22,30.363636363636363,5,166,0.26338505223519204,10.87429391691108,358.68919139918319,209.36394856616008,1541.7438016528924,39.26504554502506,43.14003,43.84724,0,0,0.864,0.997,0.0,0.066
92414,1448,110,1448_110,428,8.0666,0.00793,8.0666,0.00793,8.505,8.0666,3452.50541,14.5664,14.5664,180.0,12,10,2.804,2.336,18.453703069079335,1.1102698024409337,0,1,3.972,4.439,59.489762593884556,62.102728969048563,64.440034828175385,64.440034828177005,66.037511025425715,71.565051177082069,82.874983651095704,82.874983651096954,93.366460663444741,93.366460663444741,1.300000000000042,1.3601470508735434,0.44721359549998974,1.1401754250991218,0.282842712474623,0.1414213562373115,1.118033988749895,0.22360679774996625,1.2041594578793005,1.2041594578793005,8.04502,0.01449,0.0,33.333,22.222,11.111,33.333,0.54764,21.68362,11,5.27,9.10595,4.673,47.664000000000001,47.664000000000001,18.5,-0.4579836386062358,5,42.399999999999999,17,68,17.427740921957426,9.07011138110221,214.85780444271393,346.10925926365536,56.888888888888886,7.5424723326565069,37.76596,38.82979,1,1,5.374,6.776,1.869,1.869
92415,1448,111,1448_111,749,11.17189,0.00861,11.17189,0.00861,4.34,11.17189,8367.74392,17.67767,17.67767,128.66,15,13,2.003,1.736,18.816427682120569,0.55094767182560822,0,1,1.335,2.003,27.315607973447715,27.398152564864287,27.748581097518422,28.686147573745878,29.979428926178844,30.172477795505987,31.163950614364005,46.548157699012187,48.814074834288064,83.659808254096447,4.580392996239261,5.119570294468087,4.186884283091729,5.126402247190753,3.7643060449442207,4.825971404805642,4.753945729602038,0.22360679775079242,0.09999999999990905,0.14142135623782398,11.20428,0.00996,12.5,50.0,18.75,12.5,6.25,0.20037,30.55389,15,7.431,11.88212,24.032,40.853999999999999,35.113,4.0,-0.7752355376658276,3,189.0,37,276,5.3246828557773558,8.5399705267537573,1428.9291921992628,2391.0568485910953,64.0,8.0,47.79516,40.68279,1,1,3.204,3.338,0.534,0.534
92416,1448,112,1448_112,772,11.20913,0.00013,11.20913,0.00013,4.77,11.20913,8653.45037,21.53416,21.53416,90.0,12,23,1.554,2.979,31.649115837443958,0.50243092201559658,0,1,1.554,2.72,34.513797385106777,35.96123110047278,37.498867962827603,79.695153531242823,90.0,90.0,90.0,90.0,90.0,90.0,4.753945729601959,3.3837848631375613,4.707440918375922,0.2000000000007276,1.099999999999966,1.099999999999966,1.099999999999966,1.099999999999966,1.099999999999966,1.099999999999966,11.3124,0.00013,17.647,35.294,29.412,5.882,11.765,0.15424,14.50735,19,6.907,12.37706,22.021000000000001,40.673999999999999,37.305999999999997,0.0,0,2,347.5,67,628,9.7476941010964335,20.285116288825463,3693.651475415159,4317.8577243266691,0.0,0.0,43.12321,44.69914,1,1,3.886,5.311,0.777,0.648
92417,1448,113,1448_113,762,11.34819,0.00142,11.34819,0.00142,5.653,11.34819,8647.32379,21.66403,21.66403,105.068,8,10,1.05,1.312,20.53661751923309,0.51953848789129975,0,1,2.756,3.281,71.565051177208261,75.963756532050539,78.690067525901298,82.874983650957915,82.874983651023058,82.874983651088186,87.273689005970539,94.184916125008186,94.398705354972549,94.398705355010875,1.118033988749895,0.28284271247436177,1.0816653826385914,1.140175425099098,0.2828427124746833,1.140175425099098,1.1661903789687793,0.3605551275459449,1.1661903789687793,0.2236067977497756,11.44307,0.00087,12.5,50.0,31.25,6.25,0.0,0.04696,16.38914,19,7.918,11.73941,31.495999999999999,36.088999999999999,32.414999999999999,15.0,-0.33108352087068715,2,367.0,245,489,13.020476387777416,14.097938965390597,2039.5933344017328,4314.2327134734251,72.25,8.5,46.93878,41.63265,1,1,5.643,6.037,1.312,1.444
92418,1448,114,1448_114,584,9.66957,0.0,9.66957,0.0,6.418,9.66957,5647.0298,24.69109,24.69109,116.565,11,12,1.884,2.055,51.582330875346614,0.66143582849065496,0,2,3.082,4.11,42.064326553577047,42.709389957361118,45.000000000065128,45.498854226548019,59.036243467911156,70.346175941931364,74.744881296937876,77.471192290826266,77.471192290833173,90.0,0.9486832980505857,7.0,0.14142135623734164,4.652956049652678,0.1999999999998181,0.41231056256183224,1.0816653826390328,1.1661903789690133,1.1661903789692474,0.10000000000013642,9.78561,2e-05,33.333,16.667,0.0,41.667,8.333,0.847,58.58984,20,7.408,11.53634,15.411,42.808,41.780999999999999,15.0,-0.633098367095191,5,96.200000000000003,35,209,5.6887948631922756,42.893528129015237,1116.8546925799283,1123.7251996901637,625.0,25.0,37.70492,42.41803,4,2,5.651,6.507,1.199,1.712
92419,1448,115,1448_115,904,10.20628,0.00011,10.20628,0.00011,7.11,10.20628,9226.48092,21.38247,21.38247,180.0,17,16,1.881,1.77,40.678986165802321,0.4794887289406104,0,0,1.991,2.102,89.999999999947889,90.0,93.366460663328283,95.194428907860811,100.30484646876603,116.56505117707799,147.52880770915147,153.43494882292202,153.43494882292208,179.99999879258175,1.118033988749895,0.1999999999998181,0.14142135623750243,2.3430749027717868,1.1180339887498962,1.118033988749895,0.10000000000000142,0.09999999999999998,0.09999999999999964,1.118033988749895,10.3202,4e-05,20.0,30.0,25.0,0.0,25.0,0.0333,23.36071,24,5.813,12.6387,26.548999999999999,38.274000000000001,35.177,10.0,-0.6739749793733474,6,120.0,7,449,0.59746412419958639,15.631238849931366,2215.1063726569168,1529.7277155441971,651.1875,25.518375732009275,43.87895,40.57772,1,1,4.978,4.535,0.885,1.217
92420,1448,116,1448_116,395,3.58565,0.00278,3.58565,0.00278,12.171,3.58565,1416.33315,15.76325,15.76325,180.0,6,5,1.519,1.266,24.140810156785538,0.54707135469179158,0,0,1.772,3.797,90.0,90.0,90.0,90.0,95.194428907736409,100.30484646876545,100.30484646876813,100.30484646876863,100.30484646876863,180.0,0.20000000000004547,0.20000000000004547,0.20000000000004547,0.20000000000004547,0.3000000000000682,0.29999999999998295,0.20000000000004547,1.1180339887498694,1.1180339887498694,0.10000000000002274,3.62301,0.00029,0.0,12.5,0.0,25.0,62.5,0.08431,19.32732,18,3.339,8.69146,20.253,45.823,33.923999999999999,8.0,-0.43707441767504845,4,35.25,17,61,0.20156317741878194,9.4681327003570477,257.8043967257093,327.21079931253576,1768.2399999999998,42.050445895376662,39.21569,30.71895,1,1,4.304,8.101,0.253,0.759
92421,1448,117,1448_117,634,3.75278,0.00206,3.75278,0.00206,20.951,3.75278,2379.26325,14.96028,14.96028,180.0,9,7,1.42,1.104,20.510892316002746,1.060821681889087,0,2,4.574,7.571,161.56505117707798,168.6900675259898,170.72739822280002,172.87498365110818,177.99279187515708,178.09084756701105,179.99999879258175,180.0,180.0,180.0,1.118033988749895,0.2828427124746833,1.118033988749895,0.36055512754657554,1.8248287590895256,1.0295630140985808,0.14142135623730953,0.20000000000000007,0.20000000000000007,0.20000000000000007,3.79794,0.00187,0.0,7.143,21.429,0.0,71.429,0.00313,15.99255,25,2.88,7.77242,17.350000000000001,44.953000000000003,37.697000000000003,4.0,-0.4849309918821132,6,41.5,5,86,16.252146670518773,8.9074481956046281,325.49551749065142,360.7806200369937,2449.3136094674551,49.490540605932516,32.98611,32.98611,3,2,8.36,10.883,2.05,2.524
92422,1448,118,1448_118,1107,7.49901,0.00018,7.49901,0.00018,8.645,7.49901,8301.40388,16.69731,16.69731,180.0,34,22,3.071,1.987,24.368067481134823,0.47603569819445662,0,0,3.252,3.071,90.0,100.30484646880146,108.4349488229448,119.74488129680194,119.74488129713063,168.4951846737498,169.69515353124439,171.86989764584143,180.0,180.0,0.29999999999999716,0.2000000000007276,0.1000000000003638,0.14142135623750243,1.1401754250993175,1.0440306508911072,0.10000000000013642,0.09999999999990905,0.09999999999990905,0.09999999999990905,7.55793,-0.0,0.0,20.833,29.167,16.667,33.333,0.23306,27.82753,24,3.437,9.23759,17.164000000000001,45.438000000000002,37.398000000000003,13.0,-0.20999999999994542,13,65.615384615384613,5,383,0.14583145672189807,7.4256849661053463,1160.71770644867,626.8882597184521,337.28395061728395,18.365292010128343,45.33183,38.24522,1,0,5.059,5.42,0.903,1.265
92423,1448,119,1448_119,652,11.16517,0.00077,11.16517,0.00077,4.42,11.16517,7279.6911,46.97765,46.97765,90.0,8,13,1.227,1.994,33.690319669819559,4.0532981938653636,0,3,2.761,3.221,26.916554616956049,27.220580690669856,28.587427731178522,30.998329331929703,31.607502246249734,37.651120153278818,52.125016348911821,52.594643368574594,55.084196290581815,79.992020198551671,5.374011537017697,4.632493928759882,5.3366656256503155,4.464302857110069,4.101219330882104,5.31413210223463,0.8485281374237283,1.5132745950421316,1.6278820596097752,1.220655561573266,11.23402,0.00016,28.571,42.857,7.143,7.143,14.286,0.11243,22.52453,15,6.797,12.54719,27.606999999999999,37.729999999999997,34.662999999999997,0.0,0,2,287.5,265,310,14.60396245149931,16.737938695505516,882.29019160366965,3629.9226791906567,0.0,0.0,46.11399,43.17789,5,3,4.908,5.061,1.84,1.38
92424,1448,12,1448_12,667,12.31782,0.0003,12.31782,0.0003,4.372,12.31782,8215.98311,20.84346,20.84346,153.435,11,12,1.649,1.799,26.308026718238914,0.47596586274251629,0,1,1.799,1.949,26.778840406957016,27.244494911863203,29.939764149183645,31.586979365993511,34.505955167136612,36.891063429710869,44.751024795752528,52.125016348911821,83.418055344806774,109.98310652188476,4.560701700396591,4.901020301936782,5.467174773134518,5.580322571321052,5.675385449465107,4.827007354458962,4.933558553418297,0.1000000000003638,1.1704699910717526,0.1999999999998181,12.42966,0.00019,28.571,57.143,0.0,7.143,7.143,0.20439,12.28477,16,8.207,13.4372,31.484000000000002,35.832000000000001,32.683999999999997,0.0,0,1,610.0,610,610,13.513143440568614,13.513143440568614,0.0,8210.1299457295099,0.0,0.0,46.80851,45.99018,1,1,3.148,3.748,0.6,0.75
92425,1448,120,1448_120,746,11.56953,-0.0,11.56953,-0.0,5.138,11.56953,8630.87039,20.78677,20.78677,153.435,11,13,1.475,1.743,31.429469681795432,0.492481606374992,0,1,2.145,2.011,44.999999999869729,45.0,45.0,45.0,45.000000000130271,45.000000000130271,45.000000000130271,45.000000000260549,45.000000000260563,90.0,0.14142135623750243,0.14142135623782398,0.14142135623782398,0.14142135623782398,0.1414213562368593,0.1414213562368593,0.1414213562368593,0.1999999999998181,0.14142135623718088,0.09999999999990905,11.6728,4e-05,18.75,50.0,18.75,6.25,6.25,0.08292,30.69202,22,6.869,12.88516,33.512,33.780000000000001,32.707999999999998,25.0,-0.16403682263450367,2,334.0,226,442,15.755601906095396,12.893990728586347,2040.3465976681562,4310.0853132573038,812.25,28.5,45.29148,43.1988,2,2,3.485,3.217,1.34,1.072
92426,1448,121,1448_121,856,10.18488,0.0,10.18488,0.0,5.916,10.18488,8718.25834,21.11421,21.11421,180.0,15,13,1.752,1.519,30.322493225621439,0.42058539011408402,0,0,2.336,2.22,63.434948822920923,69.519642688189407,70.01689347807482,74.744881296933329,74.744881296942225,74.744881296942225,75.963756532073532,76.435492560028294,96.581944655172364,180.0,1.3416407864998738,0.7071067811865355,1.1704699910721437,0.4000000000005457,1.140175425099138,1.140175425099138,1.2369316876852978,2.308679276123249,0.22360679774981373,0.1999999999998181,10.3024,0.00022,15.789,31.579,21.053,15.789,15.789,0.05692,14.91517,21,6.297,11.36353,30.373999999999999,37.265999999999998,32.359999999999999,0.0,0,3,250.33333333333334,58,626,1.5750588541069792,18.899543301000858,3320.4675639997749,2889.3670695971118,644.22222222222229,25.381533094401966,43.79085,41.56863,0,0,3.855,4.439,0.584,0.467
92427,1448,122,1448_122,770,10.91555,0.0014,10.91555,0.0014,4.955,10.91555,8404.97046,18.74166,18.74166,180.0,17,18,2.208,2.338,25.486412764314625,0.53597473239959181,0,1,2.208,2.338,30.28795299066309,32.887377074015006,33.119406204025097,39.036342647039206,41.866497567254051,56.309932473993491,78.690067526123428,127.87498365113828,180.0,180.0,5.852349955359409,2.9410882339705586,7.7472575792986555,5.603570290448224,3.827531841800856,1.0816653826390958,1.0816653826394742,1.1401754250992975,1.140175425099098,1.140175425099098,11.00676,0.00015,11.765,58.824,11.765,5.882,11.765,0.07492,11.90902,16,8.415,12.28949,28.571000000000002,38.831000000000003,32.597000000000001,0.0,0,2,340.5,33,648,6.2431721022601048,11.801691778080079,3841.2371815317119,4196.0114979367172,0.0,0.0,46.85212,43.92387,2,1,4.416,4.026,1.299,0.909
92428,1448,123,1448_123,752,10.46644,0.0,10.46644,0.0,6.502,10.46644,7870.75933,20.93538,20.93538,180.0,19,13,2.527,1.729,37.538240552146775,0.59727222934742474,0,1,2.394,2.926,51.095861544599735,52.253194612717152,55.304846468822838,66.801409486509044,68.198590513621241,76.328692867847295,79.973962909658951,116.56505117707799,119.74488129680194,161.56505117694775,1.3601470508736362,0.5385164807134672,1.1180339887497728,0.14142135623750243,1.0770329614271035,0.31622776601698177,3.4132096331753754,1.118033988749895,1.140175425099098,0.1414213562368593,10.56816,6e-05,18.75,37.5,25.0,0.0,18.75,0.07471,31.05973,20,5.968,12.39985,22.606000000000002,40.558999999999997,36.835000000000001,26.0,-0.5454194763034206,6,103.5,6,335,0.90437325862416673,15.285333256988142,1737.8797651992013,1300.8777315030168,1037.1875,32.205395510690444,44.53249,41.67987,2,1,3.723,4.388,0.798,0.798
92429,1448,124,1448_124,666,11.99654,0.00693,11.99654,0.00693,4.912,11.99654,7989.69695,21.25959,21.25959,60.542,15,13,2.252,1.952,21.866599599279937,0.43537035524191459,0,1,1.802,2.402,25.325278875073707,27.655772863564209,28.101351305958364,29.324809790947558,29.744881296941585,35.78897345918022,39.056459557654151,48.012787504194847,48.36646066342621,56.060006994759036,8.102468759581871,4.019950248448354,5.531726674375671,4.103656905736762,4.743416490252569,3.9597979746447627,6.76239602507855,0.1999999999998181,1.2041594578794184,0.9219544457298313,12.07788,0.00983,21.429,57.143,7.143,7.143,7.143,0.18176,22.10536,14,8.844,12.24289,28.529,36.485999999999997,34.984999999999999,0.0,0,2,234.5,5,464,0.07841277954761286,10.691024664025106,3265.3007414781291,3278.7279407583701,0.25,0.5,45.77573,44.08602,1,1,4.505,4.655,0.901,1.051
92430,1448,125,1448_125,852,10.28139,0.0,10.28139,0.0,7.632,10.28139,8759.74123,21.30258,21.30258,180.0,17,12,1.995,1.408,34.535792719044927,0.55742782677841807,0,2,2.347,3.052,73.739795291677623,83.181785428333981,85.23635830927374,88.994913994745872,100.30484646876616,163.73979529168824,165.9637565320582,180.0,180.0,180.0,0.2236067977497756,2.2472205054240795,1.2041594578792254,1.1180339887498898,0.20000000000000284,1.118033988749895,0.4123105625614186,1.1180339887498898,1.1180339887498898,1.1180339887498898,10.36355,0.00016,16.667,33.333,27.778,11.111,11.111,0.16274,29.85033,28,6.33,11.90807,24.648,39.085000000000001,36.268000000000001,15.33,-0.46203466898175666,8,88.625,6,304,0.29007219429310616,20.079461515836261,1370.159837495142,1083.524228565414,159.47222222222226,12.628231159676412,43.50205,40.49248,2,2,4.93,4.93,0.822,1.056
92431,1448,126,1448_126,788,10.21588,0.00145,10.21588,0.00145,9.3,10.21588,8050.11456,22.41629,22.41629,180.0,17,21,2.157,2.665,42.667860697151582,1.0426618560831953,0,4,3.046,4.188,97.125016348910577,106.38954033403246,120.96375653208884,120.96375653208884,127.87498365107415,134.42706130234362,141.97276928602645,158.79718135619029,179.99999879258175,179.99999879258175,1.1401754250991354,1.2529964086141638,0.1000000000003638,0.1000000000003638,1.1401754250994571,1.170469991071636,5.869412236331676,1.1704699910719571,0.14142135623731553,0.14142135623731553,10.30728,8e-05,17.647,35.294,23.529,0.0,23.529,0.09582,25.92439,19,4.929,12.71981,11.420999999999999,46.954000000000001,41.624000000000002,3.0,-0.656521474065608,4,154.25,8,521,5.400521554612995,16.331369216705529,3050.6929281265789,1991.4285592750084,750.5,27.39525506360545,42.19745,40.92357,5,5,4.822,6.726,2.03,2.03
92432,1448,127,1448_127,685,12.28292,0.0,12.28292,0.0,4.636,12.28292,8413.80187,22.42432,22.42432,180.0,11,10,1.606,1.46,33.350896720170546,0.49626452822017947,0,1,1.898,1.898,29.611262650383797,30.400370274210864,32.743511097198535,39.805571092407476,44.999999999886008,63.434948823045772,79.695153531243349,84.805571092293491,95.194428907753505,95.194428907753505,5.080354318352509,4.04969134626348,5.234500931320782,1.1045361017186992,0.14142135623754262,0.1000000000003638,0.1000000000003638,0.1000000000003638,1.1045361017187816,1.1045361017187816,12.39212,0.0,33.333,46.667,0.0,6.667,13.333,0.05678,11.62501,15,8.372,13.75544,32.116999999999997,36.496000000000002,31.387,0.0,0,1,607.0,607,607,16.403915924047705,16.403915924047705,0.0,8398.9453059119496,0.0,0.0,48.7725,42.55319,2,2,3.066,3.796,1.168,0.584
92433,1448,128,1448_128,407,10.58706,-0.0,10.58706,-0.0,7.829,10.58706,4308.93397,19.58494,19.58494,135.0,10,8,2.457,1.966,39.214795154432039,0.93790451588591084,0,1,1.966,3.44,48.814074834304179,63.43494882292201,63.43494882292201,71.565051177025879,71.56505117707799,81.573030978474208,90.0,97.125016348911828,100.00797980157863,104.0362434679303,1.063014581273482,0.09999999999990905,0.09999999999990905,1.1313708498980901,0.2236067977497756,1.220655561573266,0.09999999999990905,0.14142135623718088,0.14142135623750243,1.1661903789690133,10.76058,0.00012,33.333,22.222,22.222,0.0,22.222,0.09054,14.19066,9,4.357,12.77331,17.199000000000002,42.752000000000002,40.048999999999999,0.0,0,3,109.33333333333333,22,278,0.44287603691042943,10.002059980152517,1774.7870376185831,1426.6710882997561,0.0,0.0,42.85714,41.36905,1,1,3.44,4.914,0.737,1.72
92434,1448,129,1448_129,844,10.61553,0.00202,10.61553,0.00202,5.284,10.61553,8959.50967,19.22628,19.22628,90.0,18,13,2.133,1.54,17.828236138303289,0.5686688366655831,0,1,2.844,2.251,29.128821388549003,30.415690000981535,32.762623040586377,34.950651411875789,43.150139487381942,43.320652348005154,45.000000000000007,45.000000000065135,45.000000000065135,90.0,2.9410882339698836,4.604345773287992,3.8275318418008504,4.517742799230591,5.1662365412358415,7.011419257183273,0.14142135623718088,0.14142135623734164,0.14142135623734164,0.09999999999990905,10.67609,0.00253,16.667,33.333,33.333,11.111,5.556,0.21272,10.24072,17,8.376,10.95847,22.512,40.046999999999997,37.441000000000003,62.0,-0.2384149288350389,4,202.75,9,363,0.038637317515639077,11.971652941036918,1777.2578538143182,2236.6550100048335,0.0,0.0,46.38923,41.12607,3,2,5.45,5.687,1.422,1.422
92435,1448,13,1448_13,1179,6.25351,0.0,6.25351,0.0,13.937,6.25351,7372.88721,18.97367,18.97367,180.0,21,20,1.781,1.696,31.971851462233634,0.66037067148592143,0,0,4.665,5.768,164.7448812969424,164.74488129695828,165.96375653207366,168.49518467374108,175.23635830927333,179.99999914622637,179.99999914622637,180.0,180.0,180.0,1.1401754250991385,0.22360679774997896,1.2000000000000028,1.0440306508910582,1.2999999999999972,0.41231056256177195,0.41231056256177195,0.19999999999998863,0.19999999999998863,0.19999999999998863,6.30619,2e-05,7.692,19.231,15.385,3.846,53.846,0.14224,31.06519,36,3.565,9.85006,15.266999999999999,45.207999999999998,39.524999999999999,18.33,-0.2798516293023925,11,65.454545454545453,7,232,0.30101430005725971,8.5043664682639246,872.30965772144145,654.11239821307686,814.52071005917162,28.539809215535616,36.97135,36.56207,4,0,7.294,9.5,1.018,1.866
92436,1448,130,1448_130,1190,8.87985,-0.0,8.87985,-0.0,6.827,8.87985,10567.01634,25.67586,25.67586,180.0,23,29,1.933,2.437,30.460021605445139,1.2234352638354684,0,2,2.605,3.025,84.805571092246524,84.805571092248115,85.236358309256772,85.236358309256772,85.236358309273797,167.47119229082782,180.0,180.0,180.0,180.0,1.1045361017187816,1.1045361017191213,1.2041594578793051,1.2041594578793051,0.39999999999999947,0.22360679774980102,0.20000000000004547,0.20000000000004547,0.20000000000004547,0.20000000000004547,8.94725,4e-05,11.538,19.231,34.615,15.385,19.231,0.56785,31.939,27,5.298,10.56655,11.765000000000001,45.966000000000001,42.268999999999998,27.71,-0.21817314801615853,14,70.285714285714292,7,202,1.5054343437601936,14.234297822815464,882.43864958059567,748.4955450038758,69.409722222222229,8.3312497395182099,43.10171,39.57704,3,3,4.622,5.882,1.261,1.261
92437,1448,131,1448_131,567,6.90605,0.0,6.90605,0.0,10.278,6.90605,3915.72959,16.79196,16.79196,180.0,11,12,1.94,2.116,27.763299721792993,0.44258799602378507,0,0,1.587,3.351,93.814074834230979,97.125016348839679,97.125016348863227,97.125016348895798,97.125016348967947,127.87498365109519,131.63353933657021,179.99999879258175,179.99999879258175,179.99999879258175,0.14142135623734164,1.1401754250989187,1.1401754250990583,0.2828427124746833,1.1401754250992377,0.09999999999990905,1.2041594578792294,0.14142135623730964,0.14142135623730964,0.14142135623730964,7.02827,0.0001,0.0,25.0,25.0,16.667,33.333,0.05372,32.40989,15,4.019,9.66982,17.637,43.914999999999999,38.448,15.67,-0.4424888689235394,6,65.666666666666671,10,182,0.51899913044072132,7.3441436929061199,620.26503829365743,643.40496490486498,833.84000000000015,28.876287850068266,41.0,42.25,1,0,2.646,4.762,0.705,0.529
92438,1448,132,1448_132,1359,7.78245,0.0,7.78245,0.0,9.417,7.78245,10576.35232,21.70023,21.70023,180.0,22,22,1.619,1.619,46.853352001382099,0.78992026648157232,0,2,2.943,4.709,120.96375653208884,127.87498365107415,142.12501634889779,168.69006752593972,169.69515353108807,177.02626891750842,180.0,180.0,180.0,180.0,0.1000000000003638,1.1401754250994571,0.0999999999994543,0.3605551275464494,0.22360679774957223,1.2806248474866833,0.14142135623718088,0.14142135623718088,0.14142135623718088,0.14142135623718088,7.81948,2e-05,13.333,13.333,23.333,6.667,43.333,0.0916,45.18532,37,3.084,11.31801,17.66,44.518000000000001,37.822000000000003,20.5,-0.2193807828782836,16,55.6875,5,315,1.4790850789917875,14.017170667266905,1227.162326321479,648.33785154445491,496.91555555555556,22.291602803646839,39.37093,36.2256,3,2,5.666,8.462,1.104,1.251
92439,1448,133,1448_133,335,12.8835,0.00174,12.8835,0.00174,4.453,12.8835,4315.97147,21.18962,21.18962,74.055,7,9,2.09,2.687,29.010223096925952,1.6405310083286988,0,1,3.284,3.582,17.385489262718572,17.536007298577012,18.328186624412403,22.543061000061744,22.943566472956764,28.255948440031766,29.445428729924732,36.869897645842933,38.090867254610508,45.000000000000007,5.869412236331521,4.465422712353212,10.381714694596646,1.923538406167365,3.471310991542009,3.4713109915418583,3.7013511046644276,3.8470768123339942,2.98328677803537,0.14142135623718088,12.96671,0.01692,42.857,28.571,28.571,0.0,0.0,4.25226,19.94896,10,8.64,13.3158,14.925000000000001,41.790999999999997,43.283999999999999,0.0,0,3,106.33333333333333,54,206,8.4021346555960861,16.560149540916228,1248.0615440196816,1436.0470166098521,0.0,0.0,39.81481,40.74074,2,1,5.373,6.866,0.896,1.791
92440,1448,134,1448_134,279,5.84993,0.00051,5.84993,0.00051,8.858,5.84993,1632.12943,13.97176,13.97176,180.0,3,8,1.075,2.867,21.538864274168709,1.2476156957529756,0,1,1.792,2.151,45.000000000008143,45.00000000000815,45.00000000000815,73.300755766005778,74.744881296940463,77.502467276560694,93.179830119847836,95.194428907734419,116.56505117707799,180.0,0.09999999999999432,0.14142135623732158,0.14142135623732158,0.29999999999998295,0.09999999999999432,1.726267650163244,1.1401754250990532,0.30000000000001137,1.118033988749895,0.09999999999999432,5.85546,0.0009,0.0,0.0,66.667,0.0,33.333,0.00568,14.98204,12,3.721,8.4916,21.504999999999999,35.841999999999999,42.652000000000001,55.0,-0.05513013311763453,4,46.25,6,95,0.28162767877186745,7.0644265068019143,304.99216448681909,400.01235902943608,256.0,16.0,34.39153,40.21164,1,1,7.168,6.81,1.434,1.792
92441,1448,135,1448_135,853,10.85546,-0.0,10.85546,-0.0,4.602,10.85546,9259.70965,21.46742,21.46742,90.0,11,17,1.29,1.993,37.176820224742784,0.38811031074626939,0,1,2.696,2.579,30.474869645476122,32.094939388108386,33.407824589717585,33.759894977002673,38.364231237114794,39.596208639757322,62.59242456218162,68.385221057213769,71.565051176990053,83.659808253966176,1.7117242768623686,4.887739763939819,5.142956348249109,5.348831648126565,3.1906112267085125,1.8027756377320072,2.433105012119288,0.49999999999999994,0.2236067977505891,0.14142135623750243,10.98394,2e-05,27.778,27.778,22.222,11.111,11.111,0.04979,16.12011,25,7.732,12.41645,33.997999999999998,33.880000000000003,32.122,0.0,0,3,246.0,17,373,1.4827001655142908,27.405168011969845,2136.9159744822105,3079.7620646708042,729.0,27.0,42.81879,43.3557,1,1,5.51,5.158,0.703,0.938
92442,1448,136,1448_136,292,5.2906,-0.0,5.2906,-0.0,6.392,5.2906,1544.85504,14.32655,14.32655,115.017,7,6,2.397,2.055,25.677982133488051,0.72962157255581139,0,1,2.74,2.055,33.463453890849436,33.717894517241753,42.686017113762702,44.999999999995936,45.0,45.000000000028479,49.24561078410305,62.592424562185386,95.194428907734988,96.581944655183747,6.041522986797266,5.571355310873637,7.186793443532356,0.10000000000002274,0.20000000000001705,0.10000000000002274,6.260990336999411,1.3601470508735465,0.14142135623730145,1.1704699910720016,5.35425,6e-05,0.0,0.0,50.0,0.0,50.0,0.00337,13.76905,10,3.966,9.08498,30.821999999999999,37.329000000000001,31.849,12.5,-0.4417697483908347,2,84.0,41,127,7.1746489882456048,10.468539845235206,375.30159941436983,767.68092487731906,1190.25,34.5,39.05325,31.36095,1,1,4.452,2.74,1.027,0.685
92443,1448,137,1448_137,486,10.19101,-0.0,10.19101,-0.0,5.792,10.19101,4952.83324,21.50814,21.50814,173.66,10,7,2.058,1.44,52.246507547772296,0.84341201362992035,0,1,4.321,5.967,64.983106521905682,71.565051177061704,71.56505117707799,78.69006752597177,78.690067525973106,90.0,90.000000000065143,93.366460663426196,93.366460663491338,171.86989764585448,1.170469991071908,0.2236067977497756,0.2236067977497756,1.1401754250993772,0.14142135623718088,1.1313708498987332,0.2828427124746833,0.14142135623718088,1.2041594578794184,0.14142135623782398,10.29445,7e-05,30.0,20.0,30.0,0.0,20.0,0.04411,33.62788,15,5.402,13.55793,22.634,41.770000000000003,35.597000000000001,13.0,-0.6502152298187233,3,120.0,6,301,0.70022322873481968,18.722301202122708,1997.4089561736689,1639.3260053888641,906.0,30.099833886584822,42.97521,36.08815,1,1,5.967,8.23,1.852,1.852
92444,1448,138,1448_138,856,4.44572,0.00012,4.44572,0.00012,19.381,4.44572,3805.5395,17.8362,17.8362,180.0,13,16,1.519,1.869,29.97110144665422,0.8924475100043554,0,3,3.738,5.023,180.0,180.0,180.0,180.0,180.0,180.0,180.0,180.0,180.0,180.0,0.09999999999999787,0.09999999999999787,0.09999999999999787,0.09999999999999787,0.09999999999999787,0.09999999999999787,0.09999999999999787,0.09999999999999787,0.09999999999999787,0.09999999999999787,4.4548,0.00017,0.0,15.789,15.789,10.526,57.895,0.02809,24.89582,26,1.892,9.99872,17.523,45.561,36.915999999999997,6.5,-0.4969039949999702,8,44.0,7,109,1.3229904699157191,8.5914054031148002,432.03326982857828,454.87566876444731,8086.8888888888878,89.927130994427301,34.42623,30.32787,7,3,5.724,9.463,2.22,1.986
92445,1448,139,1448_139,250,5.22971,0.0,5.22971,0.0,10.523,5.22971,1307.42874,12.85146,12.85146,180.0,2,5,0.8,2.0,17.081241532085766,0.85965059169263636,0,1,5.6,7.6,82.874983651082161,82.874983651098447,84.47245984836006,90.0,90.0,90.000000000008157,91.847610265977707,97.125016348885268,123.6900675259798,179.99999879258175,0.14142135623730148,1.140175425099113,0.14142135623730148,0.10000000000002274,0.10000000000002274,0.28284271247464315,0.14142135623730148,1.140175425099113,1.0816653826392377,0.14142135623730148,5.31775,0.00043,0.0,0.0,40.0,20.0,40.0,0.70255,10.42996,8,4.728,7.79536,12.0,47.200000000000003,40.799999999999997,11.5,-0.19737702247222297,3,54.333333333333336,7,91,0.59269452638786102,4.4111458658255289,324.05846059764764,428.07786705548574,526.6875,22.949673200287624,35.75758,31.51515,2,1,10.0,11.6,2.4,1.2
92446,1448,14,1448_14,837,10.35897,0.0,10.35897,0.0,7.497,10.35897,8670.4615,22.03679,22.03679,180.0,25,20,2.987,2.389,46.695378746758067,0.67992976233938329,0,3,2.151,2.628,75.211322385828367,81.869897645818966,83.453709216711502,85.236358309278103,86.820169880106732,101.3099324740102,109.98310652190415,168.69006752596474,169.93931020468548,180.0,1.170469991071879,0.31622776601657954,1.140175425099098,1.2041594578792105,1.1401754250990608,0.2236067977497756,0.09999999999990905,0.5099019513593053,1.104536101718712,0.1999999999998181,10.43855,0.0,27.778,27.778,11.111,5.556,27.778,0.34879,26.89185,18,6.519,12.20572,16.725999999999999,43.847000000000001,39.427,19.5,-0.144024565028257,9,76.666666666666671,6,333,0.049569622549009255,15.865051638075421,1682.9255744922618,954.89161450691427,467.63265306122452,21.624815676930623,45.32578,39.94334,3,3,4.54,4.779,1.314,1.314
92447,1448,140,1448_140,771,10.0512,0.00286,10.0512,0.00286,8.831,10.0512,7749.47623,21.50349,21.50349,180.0,14,16,1.816,2.075,45.219356859298152,0.61755870529411139,0,1,3.761,4.15,89.999999999886015,89.999999999983714,90.000000000065143,90.000000000130299,93.366460663491338,93.366460663542114,93.366460663556481,93.814074834157779,97.125016348940889,138.36646066342618,0.14142135623750243,0.28284271247436177,0.2828427124746833,1.1313708498987332,1.2041594578794184,0.1414213562368593,0.1414213562368593,1.06301458127314,1.1401754250996565,0.09999999999990905,10.09874,0.00264,17.647,41.176,0.0,5.882,35.294,0.12684,19.15108,16,5.996,12.00223,18.158000000000001,41.505000000000003,40.337000000000003,10.0,-0.29803276685405694,7,84.0,5,465,0.0022731489170574838,13.03126674896226,2378.5556075634295,1077.9550200653152,54.380165289256205,7.3742908329720906,43.23899,40.72327,1,1,5.707,6.226,0.778,0.778
92448,1448,141,1448_141,490,5.75415,0.0,5.75415,0.0,6.081,5.75415,2819.5333,16.03527,16.03527,180.0,11,6,2.245,1.224,29.283272582050632,0.32614239994205441,0,0,0.816,2.041,46.789910608240646,53.130102354152946,68.198590513648199,79.695153531220413,79.695153531243349,84.80557109227,86.054813770961189,95.19442890773027,105.25511870305841,116.56505117710405,1.5000000000000455,0.40000000000009095,1.0770329614269007,1.118033988749966,0.1999999999998181,1.1045361017187405,1.1401754250991354,1.1045361017186839,0.19999999999998863,0.22360679774982645,5.8688,7e-05,0.0,20.0,30.0,10.0,40.0,0.00267,14.35601,13,2.841,9.90351,30.611999999999998,37.143000000000001,32.244999999999997,12.0,-0.15027756377319962,2,139.0,83,195,5.1247439508033992,11.170826552260479,665.661580914507,1388.0366005012279,4331.6875,65.815556671656282,46.61922,41.28114,0,0,2.041,3.469,0.204,0.408
92449,1448,142,1448_142,1425,8.03942,-0.0,8.03942,-0.0,7.373,8.03942,11456.16829,21.19363,21.19363,180.0,34,29,2.386,2.035,33.018879533624677,0.62258358762637867,0,1,3.93,3.86,105.25511870304425,108.43494882282431,120.96375653206971,121.32869286780397,133.78112476486987,135.40348473505131,146.88865803961241,146.88865803962435,161.56505117730603,179.99999879258175,0.1999999999998181,1.118033988749895,1.1661903789690133,1.2041594578792176,0.6708203932498352,2.580697580112714,1.2041594578791541,1.140175425099088,0.22360679774901296,1.118033988749895,8.08251,2e-05,9.677,22.581,32.258,9.677,25.806,0.02728,24.92831,38,4.678,10.17692,18.245999999999999,42.877000000000002,38.877000000000002,9.67,-0.5597867420697411,15,72.466666666666669,7,424,2.3249226336678572,16.072358884224869,1361.1523433758291,755.12347972092539,677.16000000000008,26.02229813064173,40.10743,38.67502,3,2,6.807,6.316,1.544,1.544
92450,1448,143,1448_143,740,10.731,0.0,10.731,0.0,4.906,10.731,7940.93919,17.15721,17.15721,180.0,18,15,2.432,2.027,25.243432771122407,0.57533142079659649,0,1,3.108,3.243,34.628297342751111,39.898727490341827,45.000000000130271,45.000000000260563,71.200114841341843,74.744881296932206,78.690067526088015,86.268603000907731,90.0,90.0,1.360147050873611,5.869412236331474,0.1000000000003638,0.1000000000003638,1.204159457879003,0.1000000000003638,0.2236067977505891,1.1180339887499355,0.09999999999990905,0.09999999999990905,10.82744,4e-05,12.5,50.0,25.0,0.0,12.5,0.07372,21.78347,20,6.44,12.30907,24.324000000000002,38.378,37.296999999999997,0.0,0,3,210.66666666666666,12,564,4.4636371524152638,5.614878426909506,3347.0077318773042,2631.748471839694,539.55555555555554,23.22833518691246,43.39036,41.05754,1,1,5.135,4.054,1.216,1.622
92451,1448,144,1448_144,659,11.53221,0.0,11.53221,0.0,5.827,11.53221,7599.72332,21.23605,21.23605,180.0,12,8,1.821,1.214,38.005053463669618,0.87014788236634144,0,1,2.58,3.794,80.537677791982759,90.0,94.763641690743469,94.763641690743469,95.194428907753505,95.194428907753505,98.130102354153962,100.30484646875666,107.10272896896954,163.73979529167866,0.1999999999998181,0.1000000000003638,1.2041594578792485,1.2041594578792485,1.1045361017187816,1.1045361017187816,1.1180339887498847,1.1180339887498847,1.2165525060596027,1.118033988749895,11.61456,0.00029,28.571,35.714,21.429,0.0,14.286,0.1042,19.07139,17,7.227,13.49071,24.279,38.542999999999999,37.177999999999997,0.0,0,4,139.0,5,248,0.16678178192975784,18.522885339634588,1423.5558615618852,1890.4581644782968,1077.5555555555554,32.826141344293809,43.31551,40.2852,4,1,4.552,5.008,1.366,1.517
92452,1448,145,1448_145,450,7.37244,0.0,7.37244,0.0,6.048,7.37244,3317.59898,16.12452,16.12452,171.87,7,7,1.556,1.556,32.669096238658881,0.4907297205557562,0,0,2.222,4.667,45.707319368542954,48.778197707164111,58.240519915184976,74.744881296955754,79.695153531220413,90.0,90.0,100.30484646877959,100.30484646877959,161.5650511770715,1.389244398944972,1.5620499351811912,0.3162277660170177,0.1000000000003638,1.118033988749966,1.1999999999999318,1.1999999999999318,0.20000000000027285,0.20000000000027285,0.20000000000004547,7.53625,0.0003,0.0,44.444,11.111,11.111,33.333,1.55058,28.38288,13,3.775,10.50252,24.443999999999999,43.555999999999997,32.0,19.0,-0.5687326963070376,3,104.33333333333333,18,152,5.2180196366655718,15.243228323263077,691.73798600672274,1095.763295980744,484.6875,22.015619455286739,46.64537,35.14377,0,0,4.0,5.778,0.667,1.111
92453,1448,146,1448_146,732,11.03875,0.00014,11.03875,0.00014,8.313,11.03875,8080.36323,21.60023,21.60023,180.0,11,19,1.503,2.596,34.469972673669886,0.55636106228147197,0,1,1.23,1.776,110.55604521971196,113.19859051353589,114.44395478041832,153.43494882292202,158.19859051366615,161.56505117715619,169.50852298767637,172.87498365103394,175.81508387486494,175.81508387486494,1.2083045973593745,0.14142135623750243,0.1000000000003638,0.1000000000003638,0.5385164807133829,0.44721359550036466,1.2041594578790784,0.3605551275464494,1.0816653826389697,1.0816653826389697,11.13142,5e-05,18.75,43.75,18.75,6.25,12.5,0.20375,20.86022,15,5.867,12.66344,21.858000000000001,40.027000000000001,38.115000000000002,16.0,-0.29528692371041027,4,158.0,6,474,0.14239629362977668,13.277166372985118,2768.614488860916,2009.3318620466659,893.1875,29.886242654438849,44.88189,45.66929,1,1,3.415,4.235,0.546,0.82
92454,1448,147,1448_147,486,9.5653,-0.0,9.5653,-0.0,4.884,9.5653,4648.73435,22.38928,22.38928,127.875,8,8,1.646,1.646,51.499949015109046,0.75252203035906984,0,1,2.881,4.321,45.000000000032578,46.936800386210322,48.621484704114977,56.309932474023555,78.690067525914642,78.690067525925173,90.0,120.96375653206971,120.96375653206971,120.96375653206971,0.14142135623726126,0.9433981132058146,1.5524174696259672,0.20000000000027285,0.14142135623734164,2.2803508501982956,0.1999999999998181,1.1661903789690133,1.1661903789690133,1.1661903789690133,9.66545,5e-05,20.0,30.0,20.0,10.0,20.0,0.02946,26.57624,11,6.078,13.16142,26.748999999999999,38.683,34.567999999999998,0.0,0,3,115.66666666666667,56,230,8.9887572024753588,15.048983363264199,1419.2134056594507,1542.4234528573068,2916.0,54.0,40.05682,40.34091,3,2,5.556,5.556,1.235,2.058
92455,1448,148,1448_148,310,5.68751,0.00065,5.68751,0.00065,20.672,5.68751,1763.12893,14.10035,14.10035,180.0,6,8,1.935,2.581,24.908360825263166,1.1337188862036307,0,1,4.194,4.839,126.25383773744515,126.86989764584523,139.17043652483929,149.03624346793029,158.19859051364881,158.19859051364881,164.29136217098119,165.82341197622983,170.83765295428032,175.60129464500349,1.1313708498985222,2.23606797749979,1.3038404810405504,0.09999999999999432,1.2041594578792105,1.2041594578792105,1.1661903789690717,3.383784863137723,1.2041594578793051,1.118033988749895,5.72336,0.0009,0.0,0.0,50.0,16.667,33.333,7.38499,29.17754,10,4.365,9.19229,9.6769999999999996,41.613,48.710000000000001,12.33,-0.20785660888942298,4,44.25,33,61,6.9905883732810947,11.422228306720365,82.738735811822821,421.38006065694606,390.13888888888891,19.751933801248143,29.72973,41.62162,3,2,7.419,8.71,1.935,1.613
92456,1448,149,1448_149,758,11.23093,0.0,11.23093,0.0,3.918,11.23093,8513.04129,21.0069,21.0069,97.125,15,11,1.979,1.451,24.762335202465213,0.33583047460459281,0,1,1.979,2.243,20.005435351448721,20.754562360946267,20.78374620558202,21.258080306067107,21.866867330589482,22.840880802804762,24.016164613663957,32.560437981153981,37.073355143262667,38.453709216709555,7.211102550927978,6.985699678629349,6.126989472816276,3.125699921617929,4.420407221059958,6.090155991434203,5.108815909777173,4.560701700395954,6.296824596572272,5.0990195135927845,11.33893,5e-05,18.75,62.5,6.25,6.25,6.25,0.04911,12.20468,18,6.827,12.34784,30.343,36.280000000000001,33.377000000000002,0.0,0,1,688.0,688,688,13.32994132101828,13.32994132101828,0.0,8507.6651330047025,0.0,0.0,45.28302,44.84761,1,1,4.354,4.617,0.792,0.923
92457,1448,15,1448_15,192,6.5036,0.00052,6.5036,0.00052,9.441,6.5036,1248.69125,14.09113,14.09113,82.875,2,6,1.042,3.125,28.908027732416247,0.94292769161722434,0,1,4.167,4.167,45.000000000032578,45.000000000032578,45.000000000032578,45.000000000032578,45.000000000048857,63.43494882292201,78.69006752595223,79.992020198509366,79.992020198590794,82.874983651111222,0.10000000000013642,0.10000000000013642,0.10000000000013642,0.10000000000013642,0.14142135623738186,0.10000000000002274,0.14142135623742205,1.2206555615733636,0.14142135623726126,0.14142135623722107,6.62192,0.00042,0.0,25.0,25.0,25.0,25.0,0.04718,22.66559,7,3.955,9.97307,15.625,42.707999999999998,41.667000000000002,10.0,-0.3445180467818806,2,61.0,5,117,0.20923672136697702,7.6613322201886707,602.0982110018391,617.62300027467063,0.0,0.0,37.09677,35.48387,1,1,6.25,8.854,1.042,2.083
92458,1448,150,1448_150,1147,9.60855,-0.0,9.60855,-0.0,7.521,9.60855,11021.01212,21.13031,21.13031,180.0,24,24,2.092,2.092,40.299505995747182,0.55797714457473113,0,1,3.749,4.01,108.43494882291387,108.43494882293828,108.43494882295457,113.19859051368265,118.61045966596109,120.96375653208884,122.27564431457401,123.69006752597645,149.03624346791113,180.0,0.14142135623732158,0.14142135623722107,1.118033988749895,0.1000000000003638,1.2529964086141432,1.1661903789692474,2.247220505424307,0.09999999999990905,1.1661903789692474,0.0999999999999659,9.67987,0.0,20.0,24.0,28.0,0.0,28.0,0.07918,25.23167,35,5.398,12.05127,20.052,42.981999999999999,36.966000000000001,11.4,-0.38252142550723994,10,89.200000000000003,5,548,0.25767382830404395,14.96784747346036,2255.6225737236514,1091.9173613695987,551.28925619834729,23.479549744370043,43.5022,38.76652,2,1,6.016,7.236,1.395,2.005
92459,1448,151,1448_151,982,9.20176,0.00239,9.20176,0.00239,12.86,9.20176,9036.12889,27.12232,27.12232,180.0,19,15,1.935,1.527,30.411746779939786,2.1356807872056853,0,7,5.295,4.277,155.64046919509008,157.34349311738973,158.03943597990667,159.93429510257062,161.56505117707715,165.96375653207352,175.60129464498908,177.85241457170736,179.99999879258175,180.0,2.3537204591881418,2.9966648127542546,2.8635642126548895,1.2041594578794184,0.447213595499977,0.41231056256139104,0.5830951894846237,1.0816653826394742,0.1414213562373266,0.1000000000003638,9.26478,0.00136,9.524,28.571,33.333,9.524,19.048,0.26199,25.67736,20,5.196,10.5751,21.385000000000002,42.261000000000003,36.353999999999999,15.14,-0.21368377159738455,11,71.36363636363636,6,336,29.677927687876466,12.13867590650614,1293.8429929831013,804.43552815012924,217.64000000000004,14.752626884728024,42.09906,36.67453,9,8,8.554,7.536,3.157,2.749
92460,1448,152,1448_152,762,11.20887,0.00026,11.20887,0.00026,6.704,11.20887,8541.15915,20.54556,20.54556,104.036,17,17,2.231,2.231,31.502723109344725,0.58186183427490268,0,2,2.493,3.15,78.690067525822784,78.690067525993157,86.054813770957821,87.878903603340333,87.878903603340333,90.0,90.000000000053447,93.576334374864047,97.125016348781557,101.3099324740102,1.0816653826389697,0.28284271247436177,0.2236067977497756,1.2083045973593745,1.2083045973593745,0.09999999999990905,1.0816653826394742,0.14142135623750243,1.140175425099098,0.2236067977497756,11.31587,0.00029,12.5,62.5,12.5,0.0,12.5,0.13196,13.57082,19,6.882,13.00565,26.247,37.927,35.826999999999998,6.0,-0.32864050704335107,1,650.0,650,650,13.14171106124331,13.14171106124331,0.0,8500.102915649004,676.0,26.0,43.73089,42.50765,4,3,4.593,5.643,1.05,1.444
92461,1448,153,1448_153,923,8.5852,-0.0,8.5852,-0.0,12.706,8.5852,7924.13553,27.35855,27.35855,174.753,13,22,1.408,2.384,44.251567188906172,2.3221437115546575,0,6,3.9,4.442,90.516164229792693,90.824060550598546,92.602562202485643,95.194428907706509,95.194428907730142,98.130102354159959,129.80557109219581,135.0031862260785,137.48955292199497,151.01243260272565,1.0049875621120885,11.053506231055922,2.2022715545544878,1.1045361017186992,2.209072203437424,0.3162277660161459,1.1045361017186992,13.943098651303886,1.6278820596098327,4.622769732530256,8.64844,0.00026,15.0,25.0,10.0,5.0,45.0,0.32736,25.36272,28,4.164,10.57513,15.167999999999999,42.686999999999998,42.145000000000003,9.33,-0.15662061365376814,12,57.416666666666664,5,465,0.22271077878409279,19.213880695165248,1769.6977329200695,641.00832882872112,261.06172839506172,16.157404754324308,41.03261,39.80978,6,6,7.801,8.126,2.167,2.059
92462,1448,154,1448_154,273,3.21834,0.0,3.21834,0.0,26.957,3.21834,878.60613,12.56861,12.56861,180.0,7,5,2.564,1.832,11.380545615290924,1.0502314057129136,0,1,4.396,4.029,111.31791227546984,114.9707492361203,117.8972710309489,138.36646066342919,144.21102654081659,155.1706534118513,170.53767779197281,175.03025927188122,176.87786953788628,178.12335226059977,1.2206555615733963,2.385372088375311,0.4242640687119345,0.09999999999999432,3.7483329627982642,1.2649110640672978,0.8602325267042534,0.3605551275463706,0.6403124237432707,10.183319694480765,3.30215,0.00328,0.0,0.0,16.667,0.0,83.333,0.47774,16.45423,7,1.652,5.57521,3.6629999999999998,52.381,43.956000000000003,6.0,-0.5713955124799756,4,28.0,12,62,1.2607631920571236,9.1596002301340711,177.33193324989327,180.20708450532808,190.12244897959184,13.788489728015604,37.58865,30.49645,1,1,10.256,12.454,1.465,1.099
92463,1448,155,1448_155,665,11.49465,0.00015,11.49465,0.00015,4.582,11.49465,7643.94493,21.61897,21.61897,180.0,13,13,1.955,1.955,31.142357386386692,1.0423900103523158,0,2,2.707,3.158,27.24053282213794,27.427993680661714,27.674850643906911,28.932050697010432,33.815893349290796,45.000000000162842,65.556045219583922,84.805571092246225,84.805571092293491,90.0,1.9026297590440227,21.246176126541258,6.841052550594631,11.39912277326655,4.792702786528899,0.14142135623693972,0.0999999999994543,0.1999999999998181,1.1045361017186992,1.1000000000000227,11.58105,6e-05,21.429,50.0,14.286,14.286,0.0,0.13267,20.76779,15,8.852,12.61517,21.053000000000001,43.759,35.188000000000002,15.0,-0.9951198275906921,5,120.0,42,349,13.670926556217708,18.690000401303895,1713.6154636524036,1525.0131474081231,361.0,19.0,46.77686,36.8595,5,4,4.211,4.812,1.654,1.203
92464,1448,156,1448_156,770,10.56435,0.00147,10.56435,0.00147,7.089,10.56435,8134.55129,21.27275,21.27275,180.0,11,14,1.429,1.818,29.834213306541709,0.50285560059693113,0,1,1.429,1.688,89.999999999995012,90.0,90.0,90.000000000130299,93.814074834284241,97.125016348901809,97.125016348901838,101.3099324740102,172.8749836510982,180.0,1.1313708498984438,0.09999999999999964,0.09999999999999964,1.1313708498987332,1.063014581273458,0.14142135623730964,1.140175425099138,0.2236067977497756,1.1313708498984762,0.223606797749979,10.7005,3e-05,11.765,41.176,29.412,0.0,17.647,0.12118,28.74224,22,6.096,12.2299,31.169,36.622999999999998,32.207999999999998,26.5,-0.3689100911874865,3,220.66666666666666,51,439,1.9014026275939317,14.319785417830026,2332.7342442313593,2698.7315171265614,464.5,21.552262062252307,44.86405,43.50453,1,1,3.377,5.195,0.649,0.39
92465,1448,157,1448_157,1102,16.31923,0.0,16.31923,0.0,3.555,16.31923,17983.79435,25.10319,25.10319,152.43,20,17,1.815,1.543,26.318944151218044,0.78372553706050063,1,1,3.811,4.719,44.999999999869729,45.0,45.0,45.000000000390827,49.001513939435618,57.024108802671712,90.0,90.0,100.30484646880356,147.31944525662976,0.14142135623750243,0.2000000000007276,0.2000000000007276,0.1414213562362162,6.800000000000343,5.554277630799428,0.09999999999990905,0.09999999999990905,0.1000000000003638,1.1401754250996565,16.4145,0.00022,70.833,25.0,0.0,0.0,4.167,0.30652,24.60092,20,10.623,17.06735,9.9819999999999993,45.917000000000002,44.101999999999997,0.0,0,1,1052.0,1052,1052,14.686867442534997,14.686867442534997,0.0,17971.92373492269,0.0,0.0,41.12061,39.22127,2,1,7.804,8.167,1.996,1.906
92466,1448,158,1448_158,694,11.84099,0.0002,11.84099,0.0002,4.203,11.84099,8217.6463,22.58539,22.58539,122.005,15,15,2.161,2.161,32.296586853659946,0.58639932458199207,0,1,1.441,2.45,29.10551858168969,31.429565614853647,32.558400411501481,36.869897645854444,37.438571572340614,42.722391041670761,44.999999999869729,44.999999999934857,75.96375653215398,87.273689006089029,4.295346318983478,0.500000000000182,2.109502310972791,0.09999999999990905,2.416609194719163,4.123105625617793,0.14142135623750243,0.2828427124746833,1.1661903789692474,0.3605551275467016,11.94662,1e-05,20.0,46.667,20.0,6.667,6.667,0.03147,30.90535,17,7.366,13.30044,23.055,41.210000000000001,35.734999999999999,40.0,-0.06414145846115968,3,204.33333333333334,107,278,11.855177948916721,16.393128764531166,1313.8057207076613,2734.3343165067649,812.25,28.5,47.48784,40.84279,2,2,2.882,3.17,0.865,1.585
92467,1448,159,1448_159,799,10.221,0.0,10.221,0.0,5.572,10.221,8166.58112,21.76235,21.76235,180.0,16,15,2.003,1.877,34.029089695887457,0.55260464627358519,0,2,2.253,3.129,78.690067526123428,79.992020198634293,82.874983651185389,90.0,104.62087398852975,107.29337839294045,111.31791227541099,116.81426488502109,120.96375653208884,149.57421619803668,0.14142135623750243,0.2828427124746833,1.1401754250990184,0.1000000000003638,1.06301458127314,3.1384709652946086,1.2206555615735266,6.879680225126802,1.1661903789692474,1.1661903789690424,10.30963,2e-05,11.765,35.294,29.412,11.765,11.765,0.05321,16.02553,17,5.781,12.2791,30.038,37.421999999999997,32.540999999999997,8.0,-0.9492924406060446,3,219.66666666666666,6,586,0.25934497703260573,15.292107723023191,3364.7828743776809,2708.4749064633952,2409.5555555555561,49.087223954462488,44.86405,43.05136,3,3,4.005,5.257,0.876,1.126
92468,1448,16,1448_16,1487,8.02782,-0.0,8.02782,-0.0,6.707,8.02782,11937.3719,24.21673,24.21673,180.0,32,34,2.152,2.286,33.15923241399085,0.76464094512366609,0,1,5.649,6.523,82.874983651081493,90.0,90.0,93.814074834259443,93.814074834425242,118.81079374298106,135.00000000000813,149.03624346792554,180.0,180.0,0.2236067977497756,0.09999999999990905,0.09999999999990905,0.5656854249496078,1.0630145812736318,0.1000000000003638,0.1000000000003638,0.5830951894845359,0.14142135623754262,0.14142135623754262,8.04925,8e-05,3.03,27.273,21.212,12.121,36.364,0.00104,72.3152,49,5.571,9.69561,12.105,45.594999999999999,42.299999999999997,12.5,-0.18826161333760175,13,91.692307692307693,5,457,0.075715655320261116,5.6167459920306193,1454.8065837741628,907.74652896906196,360.69822485207101,18.992056888396029,35.92471,33.14239,2,1,8.608,9.213,2.152,2.017
92469,1448,160,1448_160,263,10.23503,0.00534,10.23503,0.00534,14.598,10.23503,2691.8137,16.74425,16.74425,180.0,2,6,0.76,2.281,40.019648954678125,1.0015050293679368,0,1,3.042,3.422,85.815083874874574,87.878903603366396,97.125016348839679,97.125016348895784,102.52880770916072,134.99999999993486,147.52880770918026,149.03624346792074,159.64166199955704,159.64166199956631,0.36055512754657554,0.22360679774997896,1.1401754250989187,0.14142135623718088,0.31622776601676605,0.14142135623734164,1.8439088914585036,1.5,1.2083045973595814,1.4035668847619205,10.4003,0.0029,20.0,60.0,0.0,0.0,20.0,1.1873,10.84982,7,5.116,13.42787,19.010999999999999,37.262,43.725999999999999,11.0,-0.5013508996737963,1,197.0,197,197,10.958805779349435,10.958805779349435,0.0,2658.7182281146711,0.0,0.0,38.88889,51.51515,2,2,4.183,7.224,1.901,1.141
92470,1448,161,1448_161,606,10.72067,0.0,10.72067,0.0,5.415,10.72067,6496.72768,20.76247,20.76247,118.61,13,15,2.145,2.475,33.818364212149916,0.88418560532627266,0,1,3.465,3.465,44.999999999934872,44.999999999934872,45.0,46.218875235133353,58.465208094795337,71.565051177182212,74.05460409909098,82.50414236027396,94.316027519862217,107.30052719194003,0.28284271247532644,0.28284271247532644,0.1000000000003638,1.5297058540778266,1.4317821063277625,0.22360679774997896,0.28284271247460296,0.7211102550931511,1.063014581273482,1.252996408614243,10.80493,0.00011,23.077,30.769,30.769,7.692,7.692,0.18888,34.21454,15,6.734,12.06753,16.501999999999999,43.069000000000003,40.429000000000002,6.0,-0.5229900775074221,5,104.40000000000001,5,249,0.52868034443414635,23.757187858555017,1161.2327909864305,1292.1912815102291,600.25,24.5,42.83054,38.36127,1,1,5.611,5.776,1.65,1.815
92471,1448,162,1448_162,1193,7.7672,0.00012,7.7672,0.00012,4.392,7.7672,9266.26704,20.56234,20.56234,180.0,18,13,1.509,1.09,40.874308971851839,0.29666544489239494,0,1,2.096,2.431,45.000000000000028,51.340191745909912,55.88129374131811,73.73979529168804,79.69515353123397,95.19442890775403,100.30484646876603,106.26020470831195,180.0,180.0,0.14142135623730953,1.28062484748657,4.110960958218912,0.2236067977499789,1.118033988749895,0.1000000000003638,1.118033988749895,0.22360679774997916,1.118033988749895,1.118033988749895,7.82948,0.00124,7.692,38.462,15.385,3.846,34.615,0.00125,18.52414,31,4.521,11.53114,41.073,31.350000000000001,27.577999999999999,0.0,0,3,264.33333333333331,20,496,0.80030087037656938,12.184543791945654,2589.2959901472791,3074.5368968723574,35344.0,188.0,46.06742,42.44694,1,1,3.353,4.107,0.587,0.587
92472,1448,163,1448_163,635,5.52861,0.0,5.52861,0.0,7.877,5.52861,3510.66715,20.728,20.728,180.0,16,10,2.52,1.575,35.962758495992297,0.58376425426353162,0,0,2.835,3.78,90.0,90.0,90.0,90.0,95.194428907730014,99.462322208027814,143.20721641191045,180.0,180.0,180.0,0.20000000000004547,0.20000000000004547,0.20000000000004547,0.20000000000004547,0.09999999999990905,1.2165525060596403,1.345362404707432,0.40000000000009095,0.40000000000009095,0.40000000000009095,5.60004,0.00019,7.143,7.143,14.286,21.429,50.0,0.02846,49.59492,27,2.79,9.37378,22.047000000000001,44.094000000000001,33.857999999999997,22.5,-0.31015148038438306,8,44.75,6,113,0.14754315757801992,17.91002069045123,517.54859961833711,429.00294694746037,722.69387755102048,26.882966308631577,41.03261,35.05435,0,0,3.622,5.984,0.787,1.26
92473,1448,164,1448_164,1015,9.12931,0.0,9.12931,0.0,3.934,9.12931,9266.24704,53.58507,53.58507,180.0,14,14,1.379,1.379,46.242859264378453,3.4165149818852587,0,1,1.675,2.562,36.997673930244069,39.596208639750053,42.093438616540645,51.106093847284001,65.556045219583922,68.629377730656813,84.805571092293235,90.0,90.0,95.194428907706509,5.000999900019639,4.204759208325727,5.122499389946272,4.657252408878004,0.0999999999994543,2.4698178070456933,1.1045361017186426,0.0999999999994543,0.0999999999994543,1.1045361017186992,9.21995,3e-05,13.636,45.455,9.091,4.545,27.273,0.02724,47.70172,28,6.275,12.65078,30.542000000000002,37.043999999999997,32.414000000000001,0.0,0,2,365.0,17,713,2.63276150239464,18.823957532274541,4532.8797489045037,4622.8733704885244,576.0,24.0,42.81806,44.18605,1,1,3.842,4.926,0.788,0.493
92474,1448,165,1448_165,247,7.552,0.0004,7.552,0.0004,10.61,7.552,1865.34319,15.25516,15.25516,180.0,4,7,1.619,2.834,18.613782976543238,1.1202667231738055,0,2,8.097,5.668,69.443954780392218,69.443954780424789,78.690067525951179,79.992020198552808,82.874983651099583,90.000000000030525,97.125016348924603,116.56505117707799,136.00508600525549,171.86989764585772,1.208304597359452,0.14142135623732158,0.14142135623724117,1.2206555615733636,1.1401754250991305,1.1313708498985322,0.14142135623724117,0.10000000000002274,1.1401754250991705,0.14142135623730148,7.75185,0.00173,0.0,20.0,60.0,0.0,20.0,1.59059,12.84382,13,6.461,9.13124,0.0,48.177999999999997,51.822000000000003,0.0,0,4,49.75,10,72,0.21861442842508319,3.8524022503663478,268.11747751429152,458.56513832295553,73.555555555555557,8.5764535535124047,31.34328,37.31343,2,2,9.312,8.907,3.239,3.644
92475,1448,166,1448_166,449,9.95376,0.0,9.95376,0.0,5.43,9.95376,4469.23763,21.21367,21.21367,127.875,8,11,1.782,2.45,47.804381493266717,0.9388454246630189,0,1,2.673,3.786,36.869897645833582,36.86989764584068,40.642514623149999,71.56505117707799,74.054604099074695,90.0,114.44395478041832,116.56505117707799,122.27564431457401,123.69006752597311,0.09999999999990905,1.8973665961009556,5.05371150739729,2.2627416997968233,1.0295630140987795,0.10000000000013642,0.1000000000003638,0.09999999999990905,0.09999999999990905,1.081665382639222,10.0411,0.00022,33.333,22.222,22.222,11.111,11.111,0.08649,14.84889,16,5.962,12.7415,20.045000000000002,42.316000000000003,37.639000000000003,7.0,-0.32380957776020974,3,115.33333333333333,6,285,0.31145333691789251,21.913592088983133,1780.2290449207512,1480.7787105119389,926.88888888888903,30.444849956747841,42.40688,42.97994,1,1,4.232,6.459,1.336,0.668
92476,1448,167,1448_167,393,11.47646,0.0,11.47646,0.0,7.081,11.47646,4510.24694,21.3572,21.3572,127.875,9,6,2.29,1.527,52.706418720136114,1.1185460340363924,0,1,4.326,2.799,63.43494882292201,63.43494882292201,63.43494882292201,75.963756532046702,75.963756532100973,89.999999999926729,90.0,90.0,93.814074834271622,108.43494882291388,0.09999999999990905,0.09999999999990905,0.09999999999990905,1.1661903789691304,0.4242640687117034,1.1313708498982509,0.10000000000013642,0.10000000000013642,1.063014581273482,0.2236067977497756,11.59677,0.00045,37.5,12.5,37.5,0.0,12.5,0.22325,19.84024,15,6.854,14.00315,27.989999999999998,39.186,32.823999999999998,15.5,-0.6756321219346076,2,160.0,53,267,8.1348890259771576,24.451284836550879,1826.4012728262705,2247.5051872298654,961.0,31.0,42.99065,38.00623,1,1,5.598,4.835,1.272,0.763
92477,1448,168,1448_168,730,11.97215,0.00014,11.97215,0.00014,5.878,11.97215,8739.67013,22.51089,22.51089,111.371,8,11,1.096,1.507,32.675165201623159,0.75736639529426197,0,3,4.247,6.027,59.79823175697102,70.016893478116202,73.300755766044631,74.744881296932945,79.695153531243349,79.695153531243349,97.594643368626492,100.30484646875666,100.30484646880304,105.25511870306704,8.030566605165525,0.1000000000003638,1.044030650890846,1.140175425099153,0.1000000000003638,0.1000000000003638,3.383784863137592,1.1180339887498847,1.1180339887499915,0.2000000000007276,12.07714,0.00022,31.25,43.75,6.25,6.25,12.5,0.10748,18.39253,24,7.931,13.12461,19.178000000000001,40.822000000000003,40.0,0.0,0,1,658.0,658,658,20.19594286588902,20.19594286588902,0.0,8704.4197470602812,225.0,15.0,41.41566,42.31928,6,4,7.397,8.219,1.918,3.288
92478,1448,169,1448_169,256,6.91902,0.0,6.91902,0.0,7.266,6.91902,1771.26802,17.20378,17.20378,153.435,6,7,2.344,2.734,31.513901605359919,1.4626087024438337,0,1,5.078,7.422,44.999999999991871,45.0,45.000000000032564,45.000000000032564,45.535458985567736,54.462322208022975,75.068582821870663,75.96375653209077,78.690067525996071,138.36646066342868,0.14142135623732158,0.14142135623734164,0.14142135623726126,0.14142135623726126,2.000000000000011,0.10000000000002274,0.28284271247464315,1.1661903789690717,1.0816653826392377,1.20415945787922,6.96416,0.00055,0.0,40.0,20.0,20.0,20.0,1.1861,31.26241,13,5.659,9.56903,7.8129999999999997,52.734000000000002,39.453000000000003,8.0,-0.45467171110830157,3,58.0,7,106,0.29418638477522879,8.5135752290779561,530.58363576657882,583.79927752963545,676.0,26.0,33.69565,28.26087,1,1,9.375,9.766,1.953,2.734
92479,1448,17,1448_17,576,5.12595,0.00017,5.12595,0.00017,7.383,5.12595,2952.54976,13.53699,13.53699,180.0,8,8,1.389,1.389,21.278653453319418,0.7289724537756983,0,1,4.688,4.861,81.384351815835771,84.289406862499064,85.23635830926753,95.194428907735883,109.98310652189333,140.0337869562029,174.28940686249916,180.0,180.0,180.0,3.337663853655682,0.20000000000004547,0.20000000000004547,0.10000000000002274,1.1704699910719372,1.1704699910720149,1.0049875621120912,0.10000000000002274,0.10000000000002274,0.10000000000002274,5.13306,3e-05,0.0,8.333,25.0,25.0,41.667,0.03054,20.59485,17,2.744,8.19283,24.306000000000001,40.798999999999999,34.896000000000001,18.5,-0.5673938788643312,6,58.833333333333336,7,182,1.5938737897747794,6.5659369642564025,445.49772630212311,485.52585242560264,1264.5555555555557,35.560589921365981,37.35955,37.64045,2,1,6.25,6.424,1.563,1.389
92480,1448,170,1448_170,590,13.69706,0.00373,13.69706,0.00373,4.62,13.69706,8081.26365,21.63354,21.63354,104.036,13,12,2.203,2.034,22.995645490386625,0.69355506055334837,1,1,1.356,2.542,29.054604099086976,29.054604099086976,29.317536577355273,30.47406093893203,40.691335083484979,49.207496377105727,67.380135051960337,75.963756532065858,76.759480084857017,84.80557109224705,2.059126028196764,2.059126028196764,3.42344855372456,2.5079872407962234,3.1144823004795605,5.131276644267109,1.300000000000042,1.2369316876853864,1.1045361017188948,0.1999999999998181,13.80469,0.00308,30.769,46.154,15.385,0.0,7.692,0.09627,9.89334,12,9.604,14.02996,20.338999999999999,41.356000000000002,38.305,0.0,0,1,569.0,569,569,18.017549969076438,18.017549969076438,0.0,8051.6362693841183,0.25,0.5,46.26087,43.47826,1,1,2.881,4.237,0.847,1.356
92481,1448,171,1448_171,717,11.11558,-0.0,11.11558,-0.0,5.292,11.11558,7969.87337,21.21509,21.21509,180.0,14,13,1.953,1.813,37.833468629161935,0.67874934177572832,0,1,3.068,3.766,38.290163192245004,39.160507688482646,43.369843732663163,71.565051177055196,75.425783801944661,75.963756532106729,79.824489156914154,84.289406862500698,88.451842301011197,88.451842301011197,1.711724276862372,1.414213562373093,4.763402145525857,1.2649110640675674,0.41231056256139104,0.6000000000003638,1.252996408614261,1.0049875621120885,1.1704699910717526,1.1704699910717526,11.22241,2e-05,26.667,33.333,26.667,6.667,6.667,0.02157,16.87806,18,6.474,12.92885,29.289000000000001,36.82,33.890999999999998,0.0,0,5,120.59999999999999,5,464,0.26865045033209894,14.972011808280785,2575.9271185377083,1584.6098205687131,770.63999999999999,27.760403455281409,45.43974,40.55375,1,1,5.579,6.416,1.116,2.092
92482,1448,172,1448_172,247,5.60825,-0.0,5.60825,-0.0,6.806,5.60825,1385.23891,19.46535,19.46535,133.152,4,3,1.619,1.215,32.955009447145173,0.76098204272313352,0,2,4.049,4.858,45.000000000006111,45.000000000006118,45.000000000006118,45.000000000007127,82.874983651091753,82.874983651092762,82.874983651092919,84.472459848336882,84.472459848337891,93.366460663436968,0.10000000000000142,0.09999999999999787,0.09999999999999787,0.14142135623732408,0.14142135623732408,0.1414213562373266,0.1414213562373266,2.2022715545545144,0.1414213562373266,0.1414213562373266,5.84327,0.00025,0.0,20.0,20.0,20.0,40.0,0.05873,17.98697,7,2.968,10.01264,28.34,36.031999999999996,35.628,10.0,-0.19786647568045465,2,64.5,59,70,11.89147765107934,9.2566668511935468,8.1606316806423251,681.33217922937206,729.55555555555554,27.010286106510527,29.19708,42.33577,2,2,6.073,5.668,2.429,2.429
92483,1448,173,1448_173,577,10.89749,0.0,10.89749,0.0,5.725,10.89749,6287.84935,17.59233,17.59233,180.0,15,13,2.6,2.253,30.726326645717194,0.80586005332484312,0,1,1.56,2.08,74.744881296933698,74.744881296933698,74.744881296933698,79.695153531243349,79.695153531243349,80.537677791982759,80.537677791982759,84.805571092246524,90.0,105.2551187030663,0.2999999999992724,0.2999999999992724,0.2999999999992724,1.1180339887498847,1.1180339887498847,1.2165525060596027,1.2165525060596027,0.0999999999994543,1.099999999999966,1.1401754250992078,10.99171,3e-05,8.333,66.667,8.333,8.333,8.333,0.35946,34.0626,14,5.873,12.68695,29.463000000000001,35.701999999999998,34.835000000000001,18.5,-0.5443452165697129,5,97.799999999999997,18,225,3.7152646807395389,7.03798127348339,1167.598673287026,1252.2092842792954,555.55555555555554,23.570226039551585,43.31984,42.51012,2,1,2.253,3.12,0.693,0.693
92484,1448,174,1448_174,820,10.40511,0.0,10.40511,0.0,5.396,10.40511,8532.18785,21.29061,21.29061,131.634,12,12,1.463,1.463,34.716782105525709,0.39493361610119337,0,1,2.073,2.317,65.469189632479981,65.606260613840618,73.739795291627601,73.739795291627601,73.739795291627601,74.475889003247246,90.0,90.0,95.19442890775403,119.74488129687008,1.2041594578794184,1.2165525060594347,0.2236067977498773,0.2236067977498773,0.2236067977498773,1.8681541692271157,0.09999999999990905,0.09999999999990905,1.1045361017186686,1.1401754250993175,10.5019,0.00013,22.222,27.778,27.778,5.556,16.667,0.00064,30.19423,21,6.448,12.45282,31.707000000000001,38.292999999999999,30.0,0.0,0,3,227.33333333333334,45,403,10.896902034766233,10.432958204736329,2195.258990838332,2835.0916432037789,2403.5555555555561,49.026070162267303,48.16984,42.0205,1,1,3.537,4.146,0.61,1.341
92485,1448,175,1448_175,174,4.32716,0.0,4.32716,0.0,5.806,4.32716,752.92555,15.60801,15.60801,105.255,2,2,1.149,1.149,26.867482450652272,1.6853249307515834,0,1,4.598,7.471,21.801409486351783,23.593500603526856,23.887547851583086,26.565051177070654,30.379126011370836,33.89616656336203,64.983106521894399,66.801409486345634,89.999999999992667,99.462322208025853,2.408318915758493,4.509988913511892,5.950630218724715,0.2236067977499599,3.130495168499731,3.4481879299133418,0.1414213562373266,1.0770329614269003,1.118033988749895,0.30000000000001137,4.23203,6e-05,0.0,0.0,66.667,0.0,33.333,0.92817,37.50126,7,5.094,8.60693,28.736000000000001,39.079999999999998,32.183999999999997,0.0,0,2,40.5,28,53,20.586006793739507,8.7411307435356846,46.936258609474692,366.34898639862882,1024.0,32.0,27.90698,27.90698,1,1,8.621,10.92,1.149,1.149
92486,1448,176,1448_176,197,5.97605,0.0,5.97605,0.0,4.267,5.97605,1177.28266,15.31176,15.31176,63.435,4,4,2.03,2.03,24.31363022958449,0.95178710769458608,0,1,2.03,3.046,16.652299730354695,17.506411327712307,19.520692033039762,20.820892853311332,23.514787583647319,24.229851702994541,24.247431206035049,31.310384582912576,36.253837737445345,57.528807709151799,2.7459060435492058,4.393176527297711,5.731491952362819,3.3970575502925944,7.4249579123386376,8.052949770115246,2.416609194718956,6.083584469702013,0.5,0.5,6.08273,-0.0,0.0,0.0,75.0,0.0,25.0,0.05251,15.4229,6,6.108,8.80844,20.305,43.655000000000001,36.040999999999997,15.0,-0.45736354954943703,2,64.0,44,84,5.4177280360625124,9.7029376526695703,232.20391104580921,584.5593544863541,0.0,0.0,42.85714,37.59398,1,1,3.553,7.107,0.508,1.015
92487,1448,177,1448_177,748,9.87849,0.0,9.87849,0.0,5.342,9.87849,7389.11179,22.16867,22.16867,79.695,19,23,2.54,3.075,38.546337528530593,0.78462735577549314,0,3,3.075,3.075,41.409143249697948,43.474322987617697,44.99999999989619,44.99999999989619,52.461960285824539,56.433681265428746,58.392497753752771,60.990920670216887,73.961778772861351,77.660912721675913,7.907591289387772,2.6000000000000054,0.14142135623756774,0.14142135623756774,2.2472205054244014,0.921954445729375,1.5264337522473606,9.404786015641275,4.159326868617141,1.70293863659259,9.97176,2e-05,18.75,6.25,43.75,25.0,6.25,0.11461,37.29281,17,6.23,11.33775,17.379999999999999,42.914000000000001,39.706000000000003,28.0,-0.3115844888908558,5,129.0,26,289,2.7714215507843716,25.86326677863622,1513.673014455379,1470.7397160381402,562.1875,23.710493457539005,42.52696,41.14022,3,3,4.545,4.278,1.738,2.139
92488,1448,178,1448_178,607,11.38762,0.00016,11.38762,0.00016,4.627,11.38762,6912.28695,21.56965,21.56965,116.565,11,9,1.812,1.483,40.283681127238658,0.82602627137018381,0,1,3.46,4.283,44.999999999869729,45.000000000130271,47.489552921980277,50.906141113749655,54.462322207886544,59.300277449120216,73.285866010753764,73.73979529170316,81.253837737442538,106.26020470830989,0.14142135623750243,0.1414213562368593,1.627882059609426,1.5000000000005003,1.216552506059659,2.3537204591879197,1.6401219466856365,0.2236067977500044,1.3152946437965525,1.1180339887499253,11.47518,4e-05,23.077,46.154,15.385,0.0,15.385,0.06734,26.13283,17,5.787,13.40967,31.300999999999998,36.408999999999999,32.289999999999999,13.67,-0.3892571319882383,4,126.5,7,290,0.3187402138665657,16.522893711857648,1701.5768934375299,1721.2659327558117,1152.0,33.941125496954278,45.9144,36.77043,1,1,5.766,5.931,1.647,1.812
92489,1448,179,1448_179,1760,7.06631,0.0,7.06631,0.0,9.273,7.06631,12436.70646,21.11516,21.11516,180.0,29,42,1.648,2.386,32.256335633497159,0.82190042790396012,0,3,3.068,4.375,111.37062226926673,119.74488129675784,124.6951535311579,160.23283132322013,174.88958243895257,180.0,180.0,180.0,180.0,180.0,0.2236067977505891,1.1401754250993374,0.14142135623750243,1.1180339887499355,1.118033988750383,0.10000000000000009,0.10000000000000009,0.10000000000000009,0.10000000000000009,0.10000000000000009,7.08837,1e-05,5.128,17.949,23.077,10.256,43.59,0.05323,28.24828,50,3.337,9.5704,23.295000000000002,38.75,37.954999999999998,20.9,-0.14890314599373214,21,59.19047619047619,6,289,0.2961558544687995,20.387946772416512,947.07873755470507,581.80139667716094,1502.7612456747404,38.765464600269404,38.26968,43.49182,6,5,4.83,7.159,1.42,1.591
92490,1448,18,1448_18,866,9.79639,0.0,9.79639,0.0,7.511,9.79639,8483.67097,21.10782,21.10782,180.0,19,20,2.194,2.309,32.708704057679185,0.70011421104789806,0,1,2.771,4.042,90.000000000130271,94.184916125110902,97.125016348781557,97.12501634897697,101.30993247389662,153.43494882297415,168.69006752598793,172.50414236026117,173.65980825409645,180.0,0.14142135623750243,1.1401754250991478,1.140175425099098,0.2828427124746833,1.081665382639222,0.22360679775018233,0.14142135623728136,1.06301458127314,0.14142135623782398,0.09999999999999432,9.84534,0.00014,15.789,42.105,21.053,5.263,15.789,0.03114,24.24483,26,5.945,11.72057,20.785,40.530999999999999,38.683999999999997,21.0,-0.3728909008063803,7,101.57142857142857,5,380,0.13306420262135477,12.7182046391219,1662.3242175962998,1203.6365665102901,1009.2222222222223,31.768258092350962,42.91667,40.69444,1,1,4.85,5.889,1.501,1.617
92491,1448,180,1448_180,702,11.3018,0.0,11.3018,0.0,4.276,11.3018,7933.86098,20.80625,20.80625,100.305,15,17,2.137,2.422,29.421409737393141,0.78433103033721008,0,1,3.419,3.846,26.462047639486876,26.494052725784325,29.219246690485672,29.445428729925553,31.855132382449266,34.521386880473209,36.709645785905813,44.999999999869729,58.671307132178768,81.253837737453836,7.299999999999521,4.743416490252871,8.551023330572448,2.3409399821439276,8.746427842267959,4.565084884205353,7.885429601486532,0.0999999999994543,0.2236067977497756,1.3152946437967428,11.40319,0.0,26.667,33.333,26.667,6.667,6.667,0.20149,19.81668,15,7.224,12.7897,17.094000000000001,42.593000000000004,40.313000000000002,5.0,-1.0816888676763292,3,205.0,12,566,2.6870584859946223,12.037792159562073,3451.3212290199276,2637.0012022564665,653.1875,25.557533136044253,42.16478,41.84168,3,3,4.843,5.413,1.709,2.137
92492,1448,181,1448_181,601,6.51323,0.00037,6.51323,0.00037,8.606,6.51323,3914.45135,15.49516,15.49516,180.0,9,11,1.498,1.83,30.322058582907559,0.47563081574640742,0,0,2.163,2.662,84.920392139988579,86.633539336570209,89.999999999990337,90.0,90.0,92.045408488904897,120.96375653207355,138.36646066342982,167.00538320808323,179.99999879258175,1.2529964086141703,1.2041594578792294,0.1414213562372864,0.09999999999990905,0.09999999999990905,1.2529964086141703,1.16619037896906,0.10000000000000009,0.0999999999999659,0.14142135623730148,6.62221,0.00015,0.0,23.077,23.077,23.077,30.769,0.07882,37.94539,23,4.214,9.77462,26.622,37.271000000000001,36.106000000000002,14.5,-0.6031344475698689,5,78.200000000000003,10,162,0.8390320147164555,11.013017505015233,585.50576933984746,771.13095276327033,383.36000000000001,19.579581200832667,42.27848,40.25316,0,0,4.16,5.158,0.333,0.499
92493,1448,182,1448_182,1272,1.15703,8e-05,1.15703,8e-05,21.191,1.15703,1471.74578,9.71854,9.71854,180.0,14,12,1.101,0.943,2.9202136803509711,0.39909946576656841,0,0,1.887,5.425,168.6900675259804,171.86989764584243,179.99999879258175,179.99999914622637,180.0,180.0,180.0,180.0,180.0,180.0,1.118033988749895,0.31622776601684693,0.14142135623732158,0.22360679774996628,0.19999999999998863,0.19999999999998863,0.19999999999998863,0.19999999999998863,0.19999999999998863,0.19999999999998863,1.16409,0.00033,0.0,0.0,0.0,0.0,100.0,0.05172,11.30018,45,0.808,3.68334,13.365,49.450000000000003,37.186,8.0,-0.1904917847884652,14,15.071428571428571,5,46,0.002770035516311773,3.1442490506980301,70.969558107976454,64.673430558713804,1171.2703999999999,34.223827956556818,40.625,34.02778,0,0,3.852,9.591,0.629,0.865
92494,1448,183,1448_183,491,6.59795,0.0,6.59795,0.0,10.666,6.59795,3239.59446,14.4281,14.4281,180.0,12,11,2.444,2.24,25.444706857843759,0.89450379057247609,0,1,1.018,1.222,94.763641690727297,99.46232220801727,99.46232220801727,119.93151184050576,153.43494882292853,161.56505117707962,165.96375653207735,169.69515353123194,180.0,180.0,1.20415945787922,1.2165525060596027,1.2165525060596027,1.581138830084186,0.10000000000002274,0.2236067977500171,0.09999999999990905,1.1180339887499253,0.20000000000004547,0.20000000000004547,6.62449,0.00027,0.0,20.0,30.0,30.0,20.0,0.52009,26.71739,13,3.552,9.25289,24.440000000000001,38.899999999999999,36.659999999999997,19.0,-0.14622002509451393,8,42.375,5,119,0.67456569192505134,8.2272369810252197,420.72233311400959,397.03474545879385,532.91666666666663,23.084987907007157,40.98837,40.40698,2,2,2.24,2.851,0.611,0.407
92495,1448,184,1448_184,896,9.02326,0.0,9.02326,0.0,6.758,9.02326,8084.83768,20.96187,20.96187,180.0,18,16,2.009,1.786,42.96265309538871,0.36455990495445995,0,0,0.781,1.674,100.75096699318638,104.03624346792697,105.2551187030618,109.23067237566079,111.80140948633385,117.95096902789052,119.74488129695013,124.69515353124233,148.24051991518672,150.55457127007455,1.1045361017187507,1.2369316876853036,1.1401754250995368,1.1045361017187212,1.0770329614267657,1.345362404707375,1.140175425099163,0.14142135623718088,1.118033988749895,1.2165525060596611,9.12499,2e-05,10.526,36.842,15.789,10.526,26.316,0.2791,28.30376,16,4.128,12.13079,30.134,39.509,30.356999999999999,29.0,-0.45437125280633095,6,109.66666666666667,9,295,2.6390729873753882,19.832245073839459,1718.640549339998,1335.3642619703858,448.5306122448979,21.178541315324289,49.92436,38.12405,0,0,2.567,3.571,0.223,0.446
92496,1448,185,1448_185,701,11.57718,0.0,11.57718,0.0,4.059,11.57718,8115.60473,20.38431,20.38431,161.565,18,16,2.568,2.282,30.057182941252659,0.70262235927686256,0,1,2.71,3.281,24.75794425348354,26.528150781352767,28.031573910409225,35.249821995714477,36.02737338513144,37.99873244250432,39.038507347345018,41.933514498877791,51.57086015551031,61.253307419353909,6.29364759102373,6.9115844782509885,7.920858539325153,4.841487374764046,1.7204650534085995,0.8246211251235431,2.2561028345355183,1.84390889145875,8.221921916437859,1.3453624047077362,11.66496,1e-05,20.0,46.667,20.0,6.667,6.667,0.22711,13.35609,16,8.602,13.02097,29.957000000000001,37.518000000000001,32.524999999999999,0.0,0,3,206.0,7,593,0.25642264513878105,13.392019067808031,3662.42611652912,2698.2716458224672,812.25,28.5,47.10611,38.74598,1,1,4.137,4.137,0.999,1.284
92497,1448,186,1448_186,813,8.31288,0.0,8.31288,0.0,9.458,8.31288,6758.3725,20.73861,20.73861,180.0,17,21,2.091,2.583,43.522289777674949,0.83866888730912481,0,2,2.829,4.059,81.869897645824494,82.874983651204431,84.699073483459614,90.0,90.0,101.30993247392,101.3099324740102,127.87498365110221,135.00000000008686,168.69006752595371,0.2236067977497756,1.1401754250994571,2.416609194719163,0.1999999999998181,0.1999999999998181,1.1401754250987393,1.140175425099098,1.1401754250987393,0.1000000000003638,1.118033988749895,8.33518,5e-05,16.667,22.222,5.556,22.222,33.333,0.02746,20.0896,23,3.507,10.99955,15.99,44.156999999999996,39.851999999999997,16.67,-0.2751782045097427,8,70.0,5,277,0.30718451591286722,10.431935055785843,1326.055225714832,821.25866773792268,500.96000000000004,22.382135733660451,42.47934,38.67769,2,2,5.166,6.765,1.476,1.353
92498,1448,187,1448_187,843,3.5944,-0.0,3.5944,-0.0,10.818,3.5944,3030.08328,13.90575,13.90575,180.0,24,23,2.847,2.728,12.631511296555507,0.43666263296665681,0,0,0.474,0.474,125.53767779196201,143.13010235412634,143.13010235415535,143.13010235415535,143.13010235416121,167.66091272167409,179.99999879258175,179.99999879258175,180.0,180.0,0.2828427124745728,0.7071067811865556,0.5000000000000113,0.5000000000000113,0.5000000000000796,0.6082762530298435,0.14142135623732158,0.14142135623732158,0.282842712474623,0.282842712474623,3.63604,2e-05,0.0,0.0,5.556,16.667,77.778,0.03502,19.85717,30,1.879,6.08786,17.794,42.466999999999999,39.738999999999997,19.91,-0.14051143174404424,20,22.699999999999999,5,56,0.50222935155525739,8.8219928341761502,127.27083910066818,142.51761586812489,473.58276643990939,21.761956861456863,40.21053,40.0,0,0,0.949,1.661,0.237,0.237
92499,1448,188,1448_188,248,3.9235,-0.0,3.9235,-0.0,12.813,3.9235,973.02915,11.67647,11.67647,180.0,4,2,1.613,0.806,16.238046970273434,0.56255278418593901,0,0,4.435,5.242,75.963756532073489,78.690067525983537,90.0,93.366460663429706,96.581944655174198,115.016893478095,115.016893478095,129.80557109226382,161.56505117707923,174.89783474764099,1.2369316876852983,1.0198039027185435,0.20000000000004547,1.077032961426901,1.170469991071956,0.1414213562373266,0.1414213562373266,1.1045361017187192,0.2236067977500203,1.0440306508910746,4.03019,0.0,0.0,0.0,20.0,20.0,60.0,0.07072,12.17611,10,3.447,7.56371,12.097,48.387,39.515999999999998,14.0,-0.22572700467055065,3,40.333333333333336,5,108,0.3055139504249606,4.1523420799901603,406.28078249668323,307.59104097226572,1574.0,39.673668849754748,39.34426,32.78689,0,0,7.258,10.484,2.016,0.806
92500,1448,189,1448_189,473,9.98803,0.0,9.98803,0.0,6.077,9.98803,4724.33981,21.85246,21.85246,180.0,10,9,2.114,1.903,55.192697727372263,0.83975454245516068,0,1,2.537,3.383,46.548157698983673,48.855073596171991,50.9468630539792,55.304846468755606,74.744881296932206,94.763641690721684,108.43494882292201,109.98310652190568,119.74488129693221,161.56505117706496,1.6552945357246078,4.809365862564385,0.8246211251237197,0.14142135623718088,1.140175425099098,1.2041594578792674,1.118033988749895,0.1999999999998181,0.14142135623718088,0.2236067977498773,10.06932,7e-05,30.0,20.0,20.0,0.0,30.0,0.05711,11.89403,14,5.192,13.38482,31.712,35.728999999999999,32.558,0.0,0,3,115.0,7,280,0.29022656851546075,19.891643563437441,1890.3512935245167,1563.6783273247017,1681.0,41.0,43.58974,41.31054,1,1,4.651,5.285,0.846,1.48
92501,1448,19,1448_19,339,12.64136,0.00532,12.64136,0.00532,4.167,12.64136,4285.42075,21.6511,21.6511,38.604,6,9,1.77,2.655,26.415154089613928,2.0040284682551333,0,1,4.425,5.605,17.569281766504062,17.698855111362022,19.040772855724025,20.86843091566281,21.016949110097052,21.492365354351133,27.749932030053042,28.197246193257445,34.532591786717624,37.871889425277359,4.675467891024399,5.907622195096821,4.477722635447736,3.939543120718368,3.8052595180878197,6.258594091327421,4.88773976394021,3.7000000000000886,1.8027756377319,3.7054014627295953,12.73675,0.00595,28.571,28.571,42.857,0.0,0.0,0.31347,12.21733,11,8.813,12.92383,14.749000000000001,39.527999999999999,45.722999999999999,0.0,0,2,164.5,53,276,8.9551076191302048,20.683500405461793,1693.6191361509493,2138.3349023408418,0.0,0.0,35.64955,41.08761,2,1,8.555,7.67,2.36,2.655
92502,1448,190,1448_190,850,10.48431,0.0,10.48431,0.0,5.588,10.48431,8911.66259,21.44621,21.44621,160.017,23,24,2.706,2.824,35.714525099737997,0.68187902045813165,0,1,1.529,1.412,55.304846468759841,59.574216198040709,60.255118703061797,62.30052719194088,68.385221057215091,78.111341960355276,83.41805534481405,85.236358309280121,99.865806943074801,107.65012421992377,1.5811388300841895,1.2529964086140868,1.6124515496602738,0.3605551275464553,1.1401754250991574,0.3605551275463863,1.170469991071976,1.0770329614268501,0.0999999999994543,2.308679276123244,10.55138,1e-05,16.667,33.333,27.778,16.667,5.556,0.03885,20.95732,21,7.293,11.79443,21.175999999999998,41.411999999999999,37.411999999999999,41.0,-0.3826194069465635,7,104.57142857142857,20,382,1.7017711825111834,29.805728717910274,1604.5205908740684,1263.1657784123433,512.24000000000001,22.632719677493469,43.08511,37.23404,1,1,4.0,4.0,0.706,0.588
92503,1448,191,1448_191,768,10.9941,0.0,10.9941,0.0,6.777,10.9941,8443.47061,21.23629,21.23629,180.0,14,16,1.823,2.083,29.689830620192748,0.62240320133486915,0,1,1.823,2.604,82.874983651094936,85.815083874837498,86.185925165697086,97.125016348781557,97.125016348901994,97.125016348911828,101.30993247392,108.43494882283409,112.01128319781211,153.4349488228178,0.14142135623733162,1.1401754250987393,0.1414213562372914,1.140175425099098,1.1401754250991243,0.14142135623782398,0.22360679774997896,1.1313708498977686,0.22360679774997896,0.1000000000003638,11.06826,0.00163,11.765,41.176,29.412,5.882,11.765,0.04265,19.61605,21,7.037,12.08137,27.344000000000001,37.630000000000003,35.026000000000003,22.4,-0.23347411434335133,6,115.33333333333333,5,472,0.26848570422978635,17.414624084107182,2230.7649988179369,1399.1989583445659,37.839999999999996,6.1514225996918794,44.89209,40.57554,1,1,4.036,5.078,1.042,0.911
92504,1448,192,1448_192,237,7.7609,0.00434,7.7609,0.00434,8.809,7.7609,1839.33401,15.52836,15.52836,180.0,3,7,1.266,2.954,28.520409958831678,1.275566835709532,0,1,2.954,5.063,45.0,53.746162262487424,59.420773127509541,69.443954780413861,70.5599651718193,83.418055344812146,89.999999999993491,104.03624346789773,110.55604521965128,153.43494882292202,0.10000000000002274,0.14142135623734164,2.5553864678361524,0.14142135623718088,2.4186773244894377,0.4472135954999579,1.118033988749895,1.1661903789690133,1.2083045973595814,1.2999999999999545,7.86039,0.00301,0.0,20.0,40.0,0.0,40.0,0.65697,26.81943,7,2.89,10.37846,0.0,51.476999999999997,48.523000000000003,27.0,-0.5057864703668182,3,57.333333333333336,28,86,4.9412451923454546,9.0973078610614877,342.99536505828291,604.01532117572549,206.88888888888889,14.383632673594278,38.85714,40.0,1,1,7.595,10.97,2.11,0.422
92505,1448,193,1448_193,769,11.41062,0.0,11.41062,0.0,5.086,11.41062,8774.76876,21.07178,21.07178,172.875,12,17,1.56,2.211,36.1889277159557,0.56254859483227804,0,1,1.951,1.3,44.999999999869729,45.000000000130271,45.000000000130271,45.000000000260563,47.353296866107748,78.690067525974285,79.824489156923718,80.581717583071949,108.43494882291851,120.96375653208884,0.0999999999994543,0.1414213562368593,0.1414213562368593,0.14142135623718088,1.6492422502470256,0.22360679774997896,3.544009029333521,0.9433981132058146,1.140175425099108,0.1000000000003638,11.49634,-0.0,17.647,47.059,23.529,0.0,11.765,0.0036,27.55677,19,7.819,12.88016,28.609000000000002,38.752000000000002,32.640000000000001,5.0,-0.27150640646692314,4,167.25,6,531,0.37838634558786127,19.012623930642835,3025.124203437977,2186.1640567725617,944.88888888888869,30.739045022396006,45.44118,42.05882,1,1,3.901,3.901,0.78,0.65
92506,1448,194,1448_194,923,8.3991,0.00123,8.3991,0.00123,11.611,8.3991,7752.36738,42.52293,42.52293,180.0,16,17,1.733,1.842,51.913518153388516,6.2670603700472478,0,10,5.092,5.309,129.28092739245469,150.43386275581878,153.1432769955928,163.41815263649625,168.1320487825742,168.69006752593967,171.38435181583233,179.30130561701998,180.0,180.0,42.522934988074766,7.463243262817775,26.10153252205695,9.656603957913779,4.70106370941765,0.14142135623718088,2.683281572999341,1.6401219466858168,0.10000000000000009,0.10000000000000009,8.48318,0.00011,25.0,10.0,15.0,15.0,35.0,0.07101,58.17711,33,3.802,11.06526,26.001999999999999,39.869999999999997,34.128,14.0,-0.3095856953283933,15,43.266666666666666,5,286,0.45547853500986635,13.552326817679326,1179.2524215911033,506.77369272463636,639.56000000000006,25.289523522597257,41.15108,34.38849,16,14,7.151,7.909,3.467,3.467
92507,1448,195,1448_195,720,11.87937,0.0002,11.87937,0.0002,5.804,11.87937,8553.14311,22.32577,22.32577,180.0,10,12,1.389,1.667,30.869246255505296,0.37338727666599891,0,0,1.667,2.361,55.233047283906757,61.699244233872889,61.699244234003189,66.801409486324857,77.47119229088527,106.69924423400317,109.65382405802856,110.55604521945142,158.53711407529582,168.69006752593967,4.924428900898034,0.1414213562368593,1.0440306508911072,0.31622776601712554,1.1661903789692474,1.0440306508911072,0.5099019513593499,0.14142135623750243,1.204159457879003,0.1999999999998181,12.02609,0.00019,26.667,40.0,20.0,6.667,6.667,0.12568,12.71906,16,6.645,13.09621,25.0,39.444000000000003,35.555999999999997,0.0,0,1,651.0,651,651,18.160694741484104,18.160694741484104,0.0,8538.7280234156879,0.0,0.0,46.47239,43.25153,1,0,3.611,5.0,1.111,1.111
92508,1448,196,1448_196,306,6.91021,0.0,6.91021,0.0,7.978,6.91021,2114.5253,15.39415,15.39415,153.435,6,6,1.961,1.961,27.084343103368809,0.51915706923423588,0,0,2.941,3.595,45.000000000000021,45.000000000000021,45.000000000000028,45.00000000000648,60.25511870305774,75.379126011368342,78.690067525979828,82.874983651098233,90.0,104.03624346793301,0.1,0.1,0.09999999999999998,0.14142135623732563,0.14142135623730956,0.22360679774997916,1.140175425099138,1.1401754250991383,1.118033988749895,1.1661903789690602,7.13883,0.0004,0.0,33.333,33.333,0.0,33.333,3.02737,19.42333,13,5.329,9.8523,9.8040000000000003,49.345999999999997,40.850000000000001,0.0,0,2,105.5,15,196,1.8701542710661891,8.9546342317706227,962.4966005608735,1047.5363870670149,182.25,13.5,39.43662,35.21127,0,0,5.229,7.516,0.98,0.654
92509,1448,197,1448_197,656,11.23218,0.0,11.23218,0.0,5.811,11.23218,7368.30964,21.9718,21.9718,169.695,15,16,2.287,2.439,36.933985974352744,0.5368810144881383,0,1,2.287,2.744,63.434948822817788,63.43494882292201,63.434948823026232,64.440034828180202,69.443954780296963,82.874983651102212,82.874983651370783,87.273689006110843,105.06848815951017,131.63353933658817,0.0999999999994543,0.1000000000003638,0.22360679774957223,0.22360679775079242,0.28284271247500486,1.1401754250987393,1.1401754251000153,0.3605551275464494,0.22360679775079242,1.2041594578790784,11.38395,0.00053,21.429,35.714,35.714,0.0,7.143,0.18532,21.1325,9,6.046,12.41754,19.817,41.006,39.177,7.0,-0.46628383681686064,3,193.0,123,257,10.497094206280243,8.048166864330474,996.00947680969477,2441.3346998900379,0.0,0.0,42.39865,41.21622,1,1,3.659,4.116,0.61,1.372
92510,1448,198,1448_198,193,0.08917,0.0057,0.08917,0.0057,6.914,0.08917,17.20907,1.2,1.2,180.0,0,0,0.0,0.0,0.049665973150873219,0.096481911445165533,0,0,0.0,3.109,84.805571092265197,84.805571092265197,84.805571092265211,90.0,90.0,90.0,90.0,180.0,180.0,180.0,0.10000000000000003,0.10000000000000003,1.104536101718726,0.09999999999999998,0.09999999999999998,0.09999999999999998,0.09999999999999998,0.1,0.1,0.1,0.08351,0.00084,0.0,0.0,0.0,0.0,100.0,0.00684,0.07339,4,0.156,0,67.358000000000004,23.834,8.8079999999999998,0.0,0,0,0,0,0,0,0,0.0,0.0,0.0,0.0,0,0,0,0,0.0,3.627,0.0,0.0
92511,1448,199,1448_199,200,5.90878,-0.0,5.90878,-0.0,8.64,5.90878,1181.75534,17.3531,17.3531,116.565,3,6,1.5,3.0,28.002907790169068,1.0360476902370557,0,1,1.5,5.5,45.0,45.0,45.0,47.121096396661343,48.314585820643146,61.699244233991223,90.0,90.0,90.0,116.56505117707799,0.10000000000002274,0.10000000000002274,0.10000000000002274,1.5811388300841895,1.208304597359452,0.14142135623734164,0.10000000000002274,0.10000000000002274,0.10000000000002274,1.118033988749895,5.99856,0.00062,0.0,0.0,75.0,0.0,25.0,0.10946,29.49327,6,3.237,9.33581,5.0,53.5,41.5,0.0,0,3,40.333333333333336,32,55,8.5673821087843436,8.1645421960262201,105.74136381839972,387.55467058804902,0.0,0.0,40.0,31.2,1,1,3.5,8.0,1.0,1.0
92512,1448,2,1448_2,225,4.70671,0.0,4.70671,0.0,11.932,4.70671,1059.0104,15.36815,15.36815,180.0,4,2,1.778,0.889,30.05818720012693,0.65862454652792113,0,0,5.778,7.556,66.801409486351815,71.565051177078104,82.874983651063644,86.185925165713115,86.185925165713115,90.0,90.0,90.000000000004079,127.8749836510962,179.99999879258175,1.2041594578792294,0.2828427124746186,0.14142135623726126,1.0630145812734606,1.0630145812734606,0.10000000000002274,0.10000000000002274,0.2828427124746833,0.09999999999990905,0.14142135623731528,4.90898,0.00012,0.0,25.0,0.0,25.0,50.0,5.44206,39.20219,6,2.395,9.09177,8.8889999999999993,50.667000000000002,40.444000000000003,5.5,-0.46079661251807774,2,55.0,18,92,3.552081700619933,18.00550584349801,430.19399248265955,510.70725554533232,544.5,23.334523779156068,34.51327,26.54867,0,0,8.889,12.889,0.889,0.889
92513,1448,20,1448_20,716,11.86933,0.00464,11.86933,0.00464,7.553,11.86933,8498.44211,21.47859,21.47859,180.0,12,9,1.676,1.257,29.255732503523898,0.78543914982182961,0,3,6.006,5.726,90.0,104.03624346781919,109.98310652192662,109.98310652192662,109.98310652192662,118.61045966598182,131.14936117607365,138.36646066342621,175.60129464502748,179.99999879258175,1.118033988749895,0.14142135623750243,1.1704699910720635,1.1704699910720635,1.1704699910720635,0.1000000000003638,1.4317821063271272,0.1000000000003638,1.1661903789687793,1.118033988749895,11.9577,0.00163,26.667,46.667,13.333,6.667,6.667,0.123,14.60705,18,7.538,12.9625,32.122999999999998,35.195999999999998,32.682000000000002,9.0,-0.22360679775000156,2,321.0,70,572,3.5504312104392142,11.577635834899382,3786.9810392406953,4222.646377624239,88.666666666666671,9.41629792788369,42.72588,41.65391,5,4,7.821,8.24,2.095,3.352
92514,1448,200,1448_200,800,10.17226,0.0,10.17226,0.0,7.267,10.17226,8137.81149,19.49897,19.49897,180.0,14,20,1.75,2.5,34.296350151295982,0.56721197010788404,0,1,1.875,2.375,105.2551187030663,105.2551187030663,116.56505117707799,119.74488129688012,129.28940686249391,161.56505117710401,161.56505117718226,164.74488129693222,168.50343698237899,168.6900675259773,0.1000000000003638,0.1000000000003638,0.2000000000007276,1.1401754250989684,1.4212670403555288,0.1000000000003638,0.14142135623750243,0.09999999999990905,1.1180339887497728,0.509901951359283,10.24004,0.0,23.529,23.529,41.176,0.0,11.765,0.058,32.70989,19,5.454,12.24213,20.0,40.25,39.75,12.0,-0.8226486819923767,5,130.40000000000001,6,453,0.33479742139096058,10.069816690749926,2350.5347614454163,1618.4499550683877,1907.25,43.672073456615273,42.9003,43.9577,1,1,4.0,4.75,0.75,0.875
92515,1448,21,1448_21,838,10.89244,0.00024,10.89244,0.00024,5.9,10.89244,9127.86411,21.72671,21.72671,180.0,18,19,2.148,2.267,31.173466040696979,0.59333748057615265,0,1,3.103,3.222,50.281240628411339,52.148919467853325,55.840305454351366,84.805571092246382,84.805571092246382,84.805571092246524,110.55604521973805,124.69515353113724,170.53767779198054,180.0,0.6082762530292828,1.3892443989453496,1.513274595042156,1.1045361017187534,1.1045361017187534,0.1000000000003638,0.14142135623691962,0.14142135623756272,0.1000000000003638,0.1999999999998181,10.97411,0.00017,16.667,44.444,27.778,0.0,11.111,0.04732,18.18446,23,6.887,12.05575,16.706,44.033000000000001,39.259999999999998,23.0,-0.6103578430893772,4,188.25,6,452,0.11533556002079137,18.230551938081511,2501.9933242117459,2275.0421806135673,664.22222222222217,25.772509040103607,44.76821,40.39735,1,1,4.773,5.609,1.671,1.79
92516,1448,22,1448_22,569,5.80981,0.00025,5.80981,0.00025,17.342,5.80981,3305.78004,14.85564,14.85564,180.0,20,14,3.515,2.46,21.029221161037558,0.46900749176395817,0,0,0.527,1.23,149.03624346792648,153.43494882290898,156.16125981682936,161.56505117707871,164.74488129693873,167.47119229084691,172.87498365109573,178.9949139947484,179.99999879258175,180.0,0.7071067811865476,0.09999999999990905,0.5830951894845359,0.9219544457292672,0.3605551275463863,0.4472135954999389,0.4472135954999325,0.4999999999999886,1.2369316876853451,0.14142135623731025,5.89624,0.00022,0.0,8.333,41.667,8.333,41.667,0.08671,13.65918,18,3.613,8.64823,28.120000000000001,39.015999999999998,32.865000000000002,17.0,-0.3790184797151919,4,91.75,13,212,0.94018445322178068,7.5451509510902337,756.41654935551696,806.30448599653232,866.66666666666663,29.439202887759489,47.3262,34.75936,0,0,2.812,2.636,0.351,0.527
92517,1448,23,1448_23,746,10.82415,0.0,10.82415,0.0,4.526,10.82415,8074.81777,21.40584,21.40584,180.0,11,15,1.475,2.011,29.930537393614717,0.60178429083810336,0,1,1.609,2.145,32.025021190425562,35.279784051937078,38.599663837331953,41.139267375116681,44.999999999869715,44.999999999869715,45.000000000065135,45.000000000065135,105.25511870304577,180.0,4.973932046178512,5.315072906367325,4.614108798023822,5.215361924162293,0.14142135623750243,0.14142135623750243,0.14142135623734164,0.14142135623734164,0.09999999999990905,0.1000000000003638,10.89853,4e-05,18.75,43.75,18.75,12.5,6.25,0.12869,42.58715,17,6.602,12.21699,29.491,36.863,33.646000000000001,118.0,-0.1723395409788116,2,329.5,252,407,14.205993149051263,9.7723360187171302,209.55636303418783,4031.6074525753329,144.0,12.0,46.81818,41.21212,2,1,3.217,4.29,0.804,1.072
92518,1448,24,1448_24,233,5.35533,-0.0,5.35533,-0.0,6.654,5.35533,1247.79255,15.9176,15.9176,180.0,3,4,1.288,1.717,26.753199783537273,1.0761324719426577,0,1,8.584,7.296,23.805943518457944,24.899320665634434,27.15423599403244,27.673863304843064,30.01108005161343,36.766600078352717,57.528807709152211,79.695153531234396,90.0,168.6900675259773,4.242640687119285,6.700746227100381,3.1400636936215194,1.4035668847618192,1.34536240470737,5.255473337388356,1.3038404810405466,0.3999999999999986,0.20000000000000284,0.10000000000000142,5.447,0.00059,0.0,0.0,40.0,20.0,40.0,0.02864,11.87931,12,6.008,9.07651,21.459,41.201999999999998,37.338999999999999,5.0,-0.4040720662234987,2,65.5,5,126,0.75802555829833429,10.412076952927846,594.41188449498497,610.2105983996845,1296.0,36.0,29.62963,31.11111,1,1,10.3,10.3,4.721,3.863
92519,1448,25,1448_25,773,10.66533,-0.0,10.66533,-0.0,6.871,10.66533,8244.30104,20.84826,20.84826,180.0,17,20,2.199,2.587,38.729506637526903,0.45173888470488116,0,0,1.423,1.811,79.695153531243349,84.093858886214761,88.781124764880545,111.15318202476112,118.61045966597933,172.87498365105509,180.0,180.0,180.0,180.0,1.1180339887498847,0.22360679774980102,0.41231056256228715,1.7029386365922963,1.252996408614361,0.509901951359283,0.09999999999990905,0.09999999999990905,0.09999999999990905,0.09999999999990905,10.78485,0.00016,17.647,35.294,29.412,0.0,17.647,0.06298,35.65321,18,5.914,12.87727,33.634999999999998,33.247,33.118000000000002,62.0,-0.2900525812692562,4,159.0,24,292,2.3869287007190203,9.6629765856051026,1794.3400521244134,2050.7044640938143,329.0,18.138357147217054,45.5259,39.56044,2,0,3.105,3.881,0.517,0.906
92520,1448,26,1448_26,754,11.72808,0.00655,11.72808,0.00655,4.498,11.72808,8842.97398,20.6526,20.6526,180.0,17,12,2.255,1.592,29.565270942547933,0.37847820876390287,0,0,1.724,2.52,23.401201173545257,25.429023137389773,26.063294725382438,30.813057827730933,33.190117042971949,75.379126011368342,95.194428907734817,95.194428907734832,174.88958243896892,180.0,8.6648716089738,4.455333881989069,5.604462507680822,3.5440090293338753,2.941088233970543,2.3769728648009423,0.20000000000000007,0.10000000000000009,1.104536101718726,0.20000000000027285,11.83965,0.00962,25.0,50.0,12.5,0.0,12.5,0.15793,29.69291,25,8.387,13.27639,22.545999999999999,41.645000000000003,35.808999999999997,50.0,-0.3891462832076558,2,187.0,18,356,1.9054640082599024,13.274008448172481,2411.3596871306299,2502.9036091643939,0.0,0.0,46.01504,42.25564,0,0,3.846,3.846,0.663,0.796
92521,1448,27,1448_27,326,13.98182,0.0,13.98182,0.0,5.445,13.98182,4558.07281,33.84154,33.84154,68.199,8,11,2.454,3.374,60.169980401811742,3.4877995081199051,1,2,5.521,6.442,26.146121760227977,28.237112262343398,32.946207486679953,35.941162527033683,43.329252708303798,45.000000000016279,45.000000000016293,45.000000000032564,45.000000000032564,59.8316601863784,7.800640999302467,5.532630477449218,12.649110640673367,8.981091247727111,6.281719509815676,0.1000000000003638,0.14142135623722107,0.14142135623726126,0.14142135623726126,5.093132631298605,14.23385,0.00035,57.143,28.571,0.0,0.0,14.286,0.83253,34.26337,15,12.17,16.60984,6.1349999999999998,47.853000000000002,46.012,0.0,0,1,273.0,273,273,27.361658218762791,27.361658218762791,0.0,4551.0955872859704,0.0,0.0,28.46715,32.84672,2,2,9.816,9.816,2.454,2.454
92522,1448,28,1448_28,1037,8.16015,-0.0,8.16015,-0.0,9.682,8.16015,8462.07669,20.78702,20.78702,180.0,13,16,1.254,1.543,36.492985167134279,0.40398214214633082,0,1,1.929,3.664,135.0,144.46232220802577,153.43494882291549,153.43494882292202,161.56505117707798,164.74488129694205,174.88958243896857,174.88958243896857,179.99999879258175,180.0,0.14142135623731153,1.236931687685297,0.22360679774997896,0.10000000000000142,0.22360679774998216,1.1401754250991405,1.1180339887498933,1.1180339887498933,1.1180339887498933,0.2236067977499758,8.23309,0.00014,8.696,26.087,26.087,4.348,34.783,0.03198,11.6615,29,3.587,11.03061,23.143999999999998,40.790999999999997,36.066000000000003,4.5,-0.4950877125497011,6,124.33333333333333,6,596,0.011613315248330683,14.233943737318437,2673.3386472540724,1391.6192897648282,1697.8888888888887,41.205447320577512,43.74177,42.02899,1,1,3.472,6.172,0.675,0.675
92523,1448,29,1448_29,783,11.01389,0.0,11.01389,0.0,5.82,11.01389,8623.87849,21.69239,21.69239,169.452,14,11,1.788,1.405,32.89318276493568,0.52682355185388197,0,1,2.682,2.937,71.565051176947719,71.565051177208261,71.565051177208261,71.565051177208261,80.753887254418487,87.878903603340333,89.999999999895778,114.44395478041832,120.96375653205054,120.96375653208884,1.118033988749895,0.14142135623750243,0.14142135623750243,0.14142135623750243,1.2083045973593745,0.2236067977497756,1.118033988749895,0.1000000000003638,0.1999999999998181,1.1661903789692474,11.10909,0.00021,29.412,23.529,29.412,5.882,11.765,0.08593,23.44636,19,6.541,12.25723,26.82,37.676000000000002,35.503999999999998,0.0,0,2,347.5,215,480,13.02747649879046,15.999342912791583,2401.3626754146521,4297.7826576030411,0.0,0.0,44.15954,41.88034,1,1,4.981,5.109,0.894,1.277
92524,1448,3,1448_3,236,6.94518,0.0,6.94518,0.0,7.558,6.94518,1639.06211,14.21267,14.21267,180.0,4,4,1.695,1.695,23.18953892589191,0.64824743790577333,0,1,2.542,2.542,35.02583631474711,44.999999999967429,44.999999999967429,59.858614447919308,70.016893478096222,70.016893478096222,79.695153531231895,79.695153531231895,84.80557109227,84.80557109227,1.7691806012953337,0.14142135623742205,0.14142135623742205,1.3416407864999755,1.1704699910720149,1.1704699910720149,1.1180339887499253,1.1180339887499253,0.20000000000004547,0.20000000000004547,7.09018,4e-05,0.0,0.0,60.0,20.0,20.0,0.05167,26.68932,7,4.219,9.56005,12.712,44.914999999999999,42.372999999999998,10.0,-0.33227829907616596,2,84.0,7,161,0.26631424694923922,5.2181355812437991,789.73513893538063,811.71969264700954,0.0,0.0,41.76471,42.35294,1,1,5.085,8.898,2.119,0.847
92525,1448,30,1448_30,463,2.99587,0.0,2.99587,0.0,23.461,2.99587,1387.08894,40.42227,40.42227,180.0,7,6,1.512,1.296,11.973970774671081,7.811477428563335,0,5,9.719,9.503,143.13010235415598,146.63363399894018,155.22485943116797,162.57456395969447,162.70755060012226,171.86989764584408,173.54579235514473,177.27368900609406,177.73949808885848,179.99999879258175,3.801315561749644,2.1954498400100158,1.4317821063276335,3.124099870362665,6.48459713474939,0.44721359549995676,3.6400549446402577,0.5830951894845304,0.943398113205664,1.118033988749895,3.02819,6e-05,0.0,0.0,0.0,20.0,80.0,0.03113,34.87476,14,2.7,4.53603,12.959,44.276000000000003,42.765000000000001,4.0,-0.8499818471621761,12,16.75,5,67,1.9015669949592471,1.9873391323553453,115.12600883105979,95.525440165154592,364.39506172839509,19.089134651114886,29.12281,30.87719,9,6,12.743,13.391,6.263,5.832
92526,1448,31,1448_31,660,11.10676,0.00169,11.10676,0.00169,4.219,11.10676,7330.46381,16.37712,16.37712,171.87,15,17,2.273,2.576,20.770747345935277,0.55449266715122081,0,2,2.121,2.576,20.556045219567206,24.923539948467649,30.438121925615487,32.846760120545689,44.157475739260477,50.073704730060939,53.130102354158723,55.304846468593816,57.724355685422708,165.86089168833936,1.2083045973593745,2.4331050121193787,4.459820624195488,4.244997055358152,1.5811388300841556,2.137755832643213,0.316227766016793,1.1180339887498847,1.4212670403551926,1.1180339887497728,11.20788,3e-05,7.143,64.286,21.429,0.0,7.143,0.30417,21.06711,11,7.173,12.39822,30.303000000000001,37.273000000000003,32.423999999999999,20.0,-0.7101032381870344,2,294.5,93,496,5.1275846200985198,7.0257106752972067,2655.8713714494993,3657.4760292964802,841.0,29.0,46.44068,41.35593,2,2,4.242,4.242,1.364,1.061
92527,1448,32,1448_32,294,2.67227,0.00048,2.67227,0.00048,8.947,2.67227,785.64714,11.20714,11.20714,180.0,2,3,0.68,1.02,10.967174775752987,0.47642195814382982,0,0,3.741,6.463,60.430468666731812,63.434948822922827,78.690067525979813,86.633539336571957,88.967755308434917,90.000000000002032,97.125016348901994,101.30993247402026,118.81079374297306,180.0,1.280624847486568,0.31622776601685143,1.0816653826391966,0.28284271247461296,1.2041594578792414,1.1313708498984922,1.1401754250991243,1.0816653826391969,2.2825424421026654,1.0816653826391969,2.76454,0.00012,0.0,0.0,16.667,16.667,66.667,0.09314,5.41256,10,2.347,5.88418,34.014000000000003,37.414999999999999,28.571000000000002,6.5,-0.3748258446266326,2,55.0,18,92,0.17947731776896914,4.7310057130926246,293.91620227668182,353.24940840143842,952.0,30.854497241083024,33.33333,39.68254,1,1,6.803,8.163,1.02,0.34
92528,1448,33,1448_33,243,5.01506,-0.0,5.01506,-0.0,12.779,5.01506,1218.65939,15.15586,15.15586,180.0,1,3,0.412,1.235,28.999921876103702,1.3894890252151331,0,1,6.996,6.173,73.739795291690129,85.236358309275516,91.218875235127712,95.194428907732927,98.130102354149727,100.30484646876525,100.3048464687663,105.25511870305529,105.25511870305803,175.04972776571009,0.2236067977500298,1.0770329614269134,0.41231056256174947,0.0999999999999659,0.31622776601683794,0.19999999999998863,1.1180339887498032,0.0999999999999659,1.140175425099163,1.1180339887499253,5.00524,4e-05,0.0,20.0,0.0,40.0,40.0,0.05645,21.33022,8,3.807,8.741,12.346,42.798000000000002,44.856000000000002,0.0,0,4,30.75,9,54,0.087179762102470651,8.0423458868052915,244.16416120747604,289.60576992005997,1220.6666666666667,34.938040395343677,26.66667,37.77778,1,1,8.642,11.523,2.058,1.646
92529,1448,34,1448_34,897,9.47391,0.0012,9.47391,0.0012,8.461,9.47391,8498.09411,20.94684,20.94684,180.0,24,21,2.676,2.341,33.667314514527199,0.58213147934387532,0,0,3.902,3.344,100.30484646875666,105.2551187030663,106.26020470831183,108.43494882311742,120.96375653208884,131.63353933657064,131.63353933658098,156.80140948619348,180.0,180.0,0.1000000000003638,1.1401754250992078,1.1180339887498967,1.118033988749895,0.1000000000003638,0.10000000000000853,1.2041594578792485,0.5385164807134672,0.1999999999998181,0.1999999999998181,9.56747,6e-05,15.789,42.105,21.053,0.0,21.053,0.17282,17.04197,23,5.391,11.12105,16.722000000000001,43.143999999999998,40.134,0.0,0,9,81.222222222222229,5,377,0.28091002296842682,10.682374361827151,1585.5276939998082,934.18902787600439,957.83999999999992,30.94899029047636,41.44737,39.60526,2,0,6.355,6.8,1.449,1.449
92530,1448,35,1448_35,621,11.08437,0.0,11.08437,0.0,7.093,11.08437,6883.39649,21.16837,21.16837,180.0,10,13,1.61,2.093,41.334744542566433,0.6258275883631842,0,1,4.509,5.636,86.820169880168834,104.03624346778088,104.03624346781919,104.03624346810656,105.2551187030648,108.43494882285687,120.96375653208884,153.43494882292202,176.63353933653974,179.99999914622637,0.31622776601698177,0.14142135623750243,0.14142135623750243,1.1661903789692474,1.1401754250993175,0.14142135623766322,1.1661903789692474,0.2236067977497756,0.31622776601698177,1.1661903789692474,11.20671,0.00021,23.077,38.462,23.077,0.0,15.385,0.16244,19.38954,18,5.533,13.12771,24.155000000000001,40.097000000000001,35.749000000000002,0.0,0,3,172.33333333333334,6,455,0.36147935366126643,18.046638454331557,2907.825354418273,2282.3815258802792,1190.25,34.5,40.22989,39.84674,2,2,6.602,7.246,1.61,1.932
92531,1448,36,1448_36,926,8.66518,0.0,8.66518,0.0,17.342,8.66518,8023.95701,46.75489,46.75489,180.0,11,9,1.188,0.972,60.767683973575217,7.3316990379102291,0,9,5.94,6.479,160.01689347807343,160.26309850451614,161.56505117710401,168.11134196037676,170.57576072389824,173.45370921668899,173.96873945713361,178.66778014611856,179.99999914622637,180.0,0.09999999999990905,1.140175425099098,0.31622776601698177,2.2203603311175213,4.237924020083373,1.0770329614271035,2.4020824298927415,0.31622776601705366,0.2236067977498773,1.0770329614267657,8.71711,0.00016,25.0,20.0,5.0,0.0,50.0,0.10739,55.79271,19,3.834,12.07814,22.678000000000001,40.929000000000002,36.393000000000001,9.2,-0.2352252037163236,13,45.153846153846153,5,267,2.1015142076708768,11.108675293571398,1262.0114447892872,596.66943346107951,409.06172839506172,20.22527449492495,37.30887,36.23853,15,11,8.099,9.827,3.888,3.348
92532,1448,37,1448_37,671,12.81359,0.0017,12.81359,0.0017,5.997,12.81359,8597.91587,21.19457,21.19457,144.462,7,11,1.043,1.639,24.565827049663181,0.66098066473306016,0,3,5.216,3.875,78.690067526090019,82.874983650971942,82.874983651074146,82.874983651102212,82.874983651204431,82.874983651204431,88.264295410942779,88.264295411203335,90.000000000113999,97.125016349038091,1.0816653826396003,1.1401754250987393,1.1401754250994571,0.28284271247436177,1.1401754250994571,1.1401754250994571,0.14142135623750243,2.3345235059855556,0.1414213562368593,0.28284271247500486,12.96355,0.00154,35.714,42.857,21.429,0.0,0.0,0.07927,12.75932,17,9.152,13.3154,25.335000000000001,38.301000000000002,36.363999999999997,7.5,-0.5929965235592366,2,320.0,63,577,4.9074357138299689,14.452723888032855,3867.740197862116,4285.3386984003828,0.25,0.5,43.63354,40.21739,4,3,7.601,7.75,2.981,2.683
92533,1448,38,1448_38,888,8.04734,-0.0,8.04734,-0.0,6.963,8.04734,7146.0412,20.16581,20.16581,101.31,24,20,2.703,2.252,17.127072588888485,1.0339880870529632,0,1,7.77,9.009,72.783926412209283,75.160060838087233,75.379126011368399,78.503436982414343,85.601294645004458,86.633539336571175,89.999999999998991,90.000000000001009,90.000000000016286,93.366460663429734,1.3038404810405324,0.4999999999999993,0.4472135954999603,1.2041594578792316,1.1661903789690602,0.141421356237309,0.141421356237309,1.1313708498984771,0.14142135623722107,0.282842712474618,8.12467,1e-05,0.0,15.789,52.632,15.789,15.789,1.17785,20.14619,27,6.063,8.79074,5.6310000000000002,51.125999999999998,43.243000000000002,8.5,-0.7980050923047491,6,131.16666666666666,32,271,3.6614033400295147,4.8333250787320052,944.12768646259735,1181.5321911355356,558.22222222222217,23.626726862225798,36.99137,30.08631,2,1,11.486,11.374,3.491,3.491
92534,1448,39,1448_39,737,11.6721,0.00155,11.6721,0.00155,4.515,11.6721,8602.33757,21.80573,21.80573,135.0,18,14,2.442,1.9,29.660756078728003,0.49094359404395677,0,1,3.121,3.121,28.854390718803383,29.779149103571495,30.16097236392482,30.474060938943683,30.681928012336655,74.744881296932206,74.744881296932206,79.695153531242312,93.179830119828168,98.130102354138259,3.546829570193664,3.6221540552553257,3.699999999999941,5.770615218501392,4.763402145525857,0.1999999999998181,0.1999999999998181,0.0999999999994543,0.31622776601698177,1.1180339887497728,11.78114,0.00015,18.75,50.0,12.5,6.25,12.5,0.12239,11.04834,20,7.053,12.87786,27.137,38.262999999999998,34.600000000000001,0.0,0,2,332.5,147,518,10.82487127983193,10.97860162338517,3077.3231948947141,4294.2065403778006,0.0,0.0,45.12744,42.57871,1,1,4.206,4.885,1.357,1.357
92535,1448,4,1448_4,195,2.92415,0.0,2.92415,0.0,7.69,2.92415,570.2092,11.46298,11.46298,180.0,2,4,1.026,2.051,13.748784088976059,1.0150932307368874,0,1,3.59,5.128,38.377333404618355,42.87890360333796,61.699244233994214,68.1985905136479,68.198590513649307,68.198590513649307,78.572898406053852,100.30484646876668,105.25511870305665,161.56505117707798,1.843908891458562,3.224903099319388,0.14142135623730145,1.077032961426903,1.0770329614268923,1.0770329614268923,2.325940669922596,0.10000000000002274,0.09999999999999432,0.09999999999999432,2.87802,0.00022,0.0,0.0,25.0,0.0,75.0,0.05314,11.50641,11,2.713,6.31739,25.640999999999998,37.948999999999998,36.409999999999997,0.0,0,3,26.333333333333332,6,62,0.19721114270473697,7.2809576672976073,188.10525864336097,179.17091925035075,1560.25,39.5,27.90698,33.72093,1,1,5.641,7.692,1.026,1.538
92536,1448,40,1448_40,477,9.72757,0.00021,9.72757,0.00021,8.08,9.72757,4640.05108,17.39483,17.39483,180.0,9,12,1.887,2.516,34.948839740353556,0.96178182083038044,0,1,2.935,4.822,93.366460663434282,93.57633437506324,93.814074834230979,93.814074834369336,96.072456407207937,100.00797980149599,124.99202019856916,131.63353933656572,146.30993247403021,168.69006752603488,1.2041594578792671,0.14142135623734164,1.063014581273311,0.14142135623734164,0.14142135623718088,0.14142135623734164,1.2206555615735266,0.09999999999990905,0.1000000000003638,0.14142135623766322,9.79697,0.0002,20.0,40.0,20.0,0.0,20.0,0.08126,13.98136,15,5.946,12.17409,18.867999999999999,40.252000000000002,40.881,10.0,-0.6402215252868728,3,125.33333333333333,7,312,0.27594244505389715,8.592535979720763,1856.319101547766,1536.6499747946748,909.55555555555554,30.158838763380057,42.74406,43.27177,2,2,6.08,7.547,0.839,1.677
92537,1448,41,1448_41,875,9.54156,0.0167,9.54156,0.0167,15.534,9.54156,8348.86267,21.73476,21.73476,180.0,16,18,1.829,2.057,40.073609342906025,1.5857102454081529,0,8,5.486,5.943,164.63838368815598,167.00538320796204,168.69006752594166,169.06141276849505,174.09385888628816,176.56636963750677,177.27368900604966,177.273689006089,179.51030440687316,179.83768944404019,2.343074902772136,1.886796226410858,0.31622776601698177,4.8041648597858995,0.5000000000002729,0.36055512754569263,1.1661903789690133,0.3605551275467016,1.9235384061668035,1.3038404810407391,9.5802,0.00286,21.053,26.316,15.789,5.263,31.579,0.03089,19.12691,18,4.512,10.77971,17.143000000000001,42.399999999999999,40.457000000000001,3.0,-0.6498780112372862,9,72.888888888888886,6,379,26.113604690668058,14.486507867453229,1721.7253209168259,895.4436503201598,315.609375,17.765398250531845,37.66234,40.77922,11,9,8.914,8.571,3.429,3.771
92538,1448,42,1448_42,1066,5.82538,-0.0,5.82538,-0.0,14.518,5.82538,6209.85399,24.72933,24.72933,180.0,17,19,1.595,1.782,26.406657663868213,1.5310693247492204,0,2,5.159,6.567,149.03624346791113,153.43494882290247,161.56505117703895,161.5650511770454,161.56505117708451,168.69006752597662,168.69006752606748,175.23635830925576,179.99999879258175,180.0,0.10000000000002274,0.09999999999990905,0.14142135623726126,0.14142135623726126,0.3162277660170177,1.1313708498984318,0.1414213562375828,1.0770329614267657,1.118033988749895,0.14142135623724117,5.84322,0.00022,0.0,8.696,30.435,26.087,34.783,1.09048,43.41788,34,3.23,8.8469,3.7519999999999998,49.719000000000001,46.529000000000003,17.38,-0.26563660429564834,16,42.1875,6,85,1.0167494580765262,11.908648137732232,299.81998023306744,377.69729950001806,236.00692041522493,15.362516734416433,32.26277,35.47445,3,3,8.161,10.694,2.72,2.064
92539,1448,43,1448_43,342,7.66759,0.00471,7.66759,0.00471,16.98,7.66759,2622.3166,26.30589,26.30589,180.0,5,6,1.462,1.754,28.848348286517851,5.7980526177748173,0,11,7.602,9.357,138.93094452162885,141.00203736357363,142.38733781022628,151.80809519900455,160.88987964179179,163.69737482439575,164.12882138854297,165.31687474628617,169.47921568612622,169.48579107871726,5.842088667591345,9.123595782365676,7.884795495128751,1.9416487838947623,3.4014702703389443,6.868041933476982,26.305892875931892,24.38360104660497,1.1704699910719956,1.1045361017186273,7.66354,0.01929,0.0,42.857,14.286,0.0,42.857,0.55648,30.89165,6,3.521,9.78906,8.7720000000000002,43.567,47.661000000000001,7.0,-0.7055367145580179,7,35.0,5,130,6.0505506892958607,6.3675011847323484,505.83426242791342,364.12517793831194,249.55555555555557,15.797327481430381,30.9434,36.98113,14,13,11.696,12.865,6.433,6.433
92540,1448,44,1448_44,397,8.47773,0.0,8.47773,0.0,7.91,8.47773,3365.65998,15.79525,15.79525,180.0,7,8,1.763,2.015,33.55942950174974,0.87641370961096932,0,1,2.015,2.267,45.000000000016293,45.000000000016293,45.000000000016293,45.000000000032578,52.645013271669988,63.434948822928526,66.037511025406204,90.0,153.43494882292202,161.56505117707471,0.14142135623730148,0.14142135623730148,0.14142135623730148,0.14142135623742205,1.3928388277183694,0.22360679774995354,0.28284271247460296,0.10000000000002274,0.10000000000002274,0.10000000000002274,8.58404,-0.0,0.0,50.0,25.0,0.0,25.0,1.77102,15.20675,11,6.665,11.21091,25.189,38.539000000000001,36.271999999999998,19.5,-0.500400314155353,3,97.666666666666671,46,173,11.728663356134948,13.480216550495227,587.8219770324032,1114.4866781924691,324.0,18.0,41.13712,41.13712,2,2,3.526,4.03,1.259,1.763
92541,1448,45,1448_45,770,11.00123,0.0,11.00123,0.0,6.268,11.00123,8470.94658,21.35884,21.35884,180.0,22,13,2.857,1.688,33.366979241503593,0.71309675807553885,0,1,2.987,2.727,84.805571092246225,84.805571092246254,84.805571092246495,84.805571092246524,84.805571092293491,90.0,90.0,90.0,90.0,104.03624346793414,1.104536101718725,0.0999999999994543,0.1999999999998181,1.1045361017187816,0.1000000000003638,1.3000000000000114,1.3000000000000114,1.3000000000000114,1.3000000000000114,0.0999999999999659,11.07974,7e-05,23.529,35.294,17.647,17.647,5.882,1.01158,22.78886,23,6.694,12.47519,20.779,43.765999999999998,35.454999999999998,10.0,-0.23891363639892546,7,96.0,7,331,0.28588986640063885,17.334099220239022,1546.6131986730659,1203.9464740417425,147.38775510204081,12.140335872703062,47.04142,34.91124,2,1,4.805,4.935,1.429,1.169
92542,1448,46,1448_46,414,10.50554,0.0,10.50554,0.0,6.052,10.50554,4349.29476,21.60926,21.60926,90.0,8,8,1.932,1.932,55.16852013017013,1.6507234271232112,0,1,3.865,6.522,44.999999999998636,79.695153531243349,79.695153531243349,80.537677791961187,84.80557109227,90.0,90.0,90.0,90.0,90.000000000016286,2.400000000000091,1.1180339887498847,1.1180339887498847,0.09999999999990905,0.20000000000027285,1.1000000000000227,1.1000000000000227,1.1000000000000227,1.1000000000000227,0.31622776601658625,10.54928,0.00031,33.333,11.111,33.333,0.0,22.222,0.05187,34.6026,15,6.769,13.38469,19.324000000000002,40.579999999999998,40.097000000000001,0.0,0,4,80.25,6,158,0.58682554844679424,23.212808346733738,1027.1727910767279,1080.34837118991,600.88888888888903,24.513035081133651,39.31889,38.39009,2,2,7.488,7.729,2.174,2.415
92543,1448,47,1448_47,752,11.46397,0.00013,11.46397,0.00013,4.468,11.46397,8620.90747,21.9,21.9,100.305,9,14,1.197,1.862,18.417170472368568,0.55781651260370824,0,1,3.059,3.191,23.321807053844697,23.322986108383596,23.876078212285162,26.565051177104039,26.888752701993223,28.805690351208568,29.947219877259812,34.715667593915974,38.015660484019918,79.695153531243349,4.601086828130947,5.186520991956114,3.5341194094144575,0.22360679774982645,3.471310991541898,4.560701700396482,4.82700735445905,4.186884283091555,4.527692569068709,0.3000000000001819,11.56491,0.00013,12.5,50.0,31.25,6.25,0.0,0.09906,8.81841,16,7.779,11.81993,27.925999999999998,36.835000000000001,35.238999999999997,0.0,0,1,728.0,728,728,14.680786649107532,14.680786649107532,0.0,8616.7315641465484,0.0,0.0,45.67901,41.97531,2,2,5.851,5.452,1.33,1.729
92544,1448,48,1448_48,363,8.90823,-0.0,8.90823,-0.0,6.736,8.90823,3233.68687,15.70796,15.70796,90.0,6,8,1.653,2.204,32.141182198931475,0.89148809925630434,0,1,0.826,1.928,44.999999999967429,44.999999999993904,45.000000000065128,45.578725565609126,60.802513953936241,65.30844183652458,66.317912275462334,67.285587646833605,74.05460409908207,81.573030978521587,0.14142135623742205,0.0999999999999659,0.14142135623734164,1.9416487838947667,0.6082762530298435,1.4560219778560441,1.0198039027185575,1.2806248474865414,0.20000000000004547,1.2206555615733696,8.99497,3e-05,0.0,37.5,37.5,12.5,12.5,0.02894,37.66856,10,5.989,11.28163,24.792999999999999,37.189999999999998,38.017000000000003,10.0,-0.5492099788303001,3,93.333333333333329,34,183,12.064676216766401,12.050909093080113,740.98971059593578,1070.2838582867437,576.0,24.0,41.05263,44.91228,1,1,3.306,2.479,0.275,0.826
92545,1448,49,1448_49,377,8.40357,0.0,8.40357,0.0,9.007,8.40357,3168.14591,17.04142,17.04142,153.435,7,8,1.857,2.122,26.602344397574456,0.78784928963221501,0,2,3.714,5.04,75.963756532069681,76.113647045623125,77.574057134548255,78.69006752597754,82.874983651039088,82.874983651104216,90.000000000016286,110.55604521958169,120.96375653206971,135.0,0.14142135623718088,1.0630145812734646,0.5,0.28284271247461296,0.14142135623734164,1.1401754250990583,1.1313708498984116,1.2083045973593745,1.1661903789690133,0.09999999999990905,8.56551,6e-05,0.0,50.0,25.0,12.5,12.5,0.13733,24.76462,8,4.294,10.11603,18.568000000000001,43.767000000000003,37.665999999999997,11.0,-0.7230601273013639,4,75.5,30,148,7.9334772970384497,7.8895250110956292,589.46239575538982,783.65355369006556,784.0,28.0,40.19293,38.26367,3,2,5.04,6.897,2.918,3.448
92546,1448,5,1448_5,292,5.12995,0.0,5.12995,0.0,9.085,5.12995,1497.9458,13.88848,13.88848,180.0,3,7,1.027,2.397,17.413872991968798,0.92764282329690961,0,0,7.192,7.877,45.0,50.710593137500922,52.765166018424217,55.007979801439582,58.24051991519147,90.0,92.602562202500351,94.969740728108718,174.80557109226942,180.0,0.10000000000002274,0.14142135623734164,2.9154759474226504,0.1999999999999318,0.2236067977500298,1.099999999999909,0.1999999999999318,2.308679276122988,1.1045361017186273,0.2,5.30818,6e-05,0.0,16.667,0.0,33.333,50.0,1.63577,13.7491,11,2.995,7.11159,10.273999999999999,47.945,41.780999999999999,19.5,-0.22976386712252775,5,40.399999999999999,12,73,1.1909589485089591,4.54821149133247,243.63882418098149,294.10981197341408,572.66666666666663,23.930454794396756,26.92308,29.32692,0,0,10.274,10.959,2.74,4.452
92547,1448,50,1448_50,265,0.5294,0.0,0.5294,0.0,20.132,0.5294,140.29041,5.76281,5.76281,180.0,3,1,1.132,0.377,0.97536064936161826,0.2902882157964371,0,0,0.755,4.528,97.12501634890144,97.125016348902207,108.43494882292195,108.43494882292201,127.87498365109813,168.69006752597994,172.37185033141941,179.99999879258175,179.99999879258175,180.0,0.14142135623731059,1.140175425099138,1.2649110640673509,1.1180339887498951,1.1401754250991398,0.3605551275463981,1.0630145812734642,0.14142135623730995,0.14142135623730995,0.10000000000000009,0.54505,0.00043,0.0,0.0,0.0,0.0,100.0,0.07939,2.80161,9,0.591,3.10489,26.414999999999999,44.151000000000003,29.434000000000001,12.0,-0.2810228634880852,2,8.5,7,10,0.16458009492358641,1.8112228834725044,12.803715401781018,29.671897738616963,2993.5555555555552,54.713394663058104,33.33333,25.0,0,0,1.887,9.057,0.0,0.0
92548,1448,51,1448_51,186,5.06418,0.00054,5.06418,0.00054,17.91,5.06418,941.93822,12.83783,12.83783,180.0,3,4,1.613,2.151,18.763556909773321,1.4507460083411468,0,1,5.914,8.602,83.41805534480801,90.000000000006523,100.30484646876839,105.25511870306116,105.25511870306116,115.01689347809284,115.01689347809284,158.19859051364932,164.99108632333861,169.01934998982455,1.1704699910719494,1.118033988749895,0.10000000000002274,1.1401754250991505,1.1401754250991505,0.14142135623732158,0.14142135623732158,0.5385164807134462,1.1704699910719494,1.1661903789690717,5.11538,0.00257,0.0,0.0,50.0,0.0,50.0,0.18049,6.86862,7,3.763,8.02514,0.0,48.924999999999997,51.075000000000003,0.0,0,3,37.0,7,85,1.0035461858436185,7.2561526690985936,303.03563075130671,301.7881032672156,756.25,27.5,33.62832,37.16814,1,1,7.527,13.978,2.688,1.613
92549,1448,52,1448_52,1252,8.404,0.0,8.404,0.0,8.137,8.404,10521.80748,20.63492,20.63492,180.0,21,18,1.677,1.438,38.083629656424364,0.5374951486618389,0,1,2.875,2.796,97.125016349158344,101.30993247402523,107.05696557662053,153.43494882291878,161.56505117706976,172.37185033141262,179.99999914622637,180.0,180.0,180.0,1.1401754250987393,1.1401754250991578,1.2165525060596962,0.0999999999999659,1.0816653826391747,1.0630145812733538,1.1661903789692474,0.10000000000000853,0.10000000000000853,0.10000000000000853,8.44118,0.0,11.111,25.926,25.926,11.111,25.926,0.05134,33.08241,26,3.67,10.96763,31.949000000000002,35.622999999999998,32.427999999999997,8.0,-0.5471742734131018,13,70.230769230769226,5,371,0.21081159548890574,17.959857353460716,1367.0496547279934,798.30521829548036,875.734375,29.592809515150805,42.27129,39.74763,2,2,5.112,5.351,1.438,1.358
92550,1448,53,1448_53,1120,9.02581,0.0,9.02581,0.0,7.48,9.02581,10108.90482,24.43809,24.43809,135.0,14,19,1.25,1.696,56.938167144201962,0.36330363613624428,0,1,1.786,2.5,88.781124764877646,89.999999999926729,90.0,90.0,90.000000000000014,90.000000000024428,92.726310993924713,93.814074834290352,97.125016348901696,105.94539590092285,0.3605551275462602,1.1313708498979294,0.09999999999999987,0.09999999999999987,1.1313708498984762,1.1313708498985726,1.140175425099098,0.14142135623730948,0.282842712474618,1.0295630140987002,9.10654,2e-05,29.167,16.667,12.5,4.167,37.5,0.02556,19.81014,36,4.6,12.86808,26.786000000000001,39.106999999999999,34.106999999999999,27.0,-0.08583337520573833,7,109.57142857142857,5,463,0.24419381807036364,20.040275568508783,2290.4196843024606,1426.6696800241336,969.26530612244892,31.133025971184505,42.03085,42.93059,1,1,3.571,5.625,0.446,0.536
92551,1448,54,1448_54,881,0.44732,0.0,0.44732,0.0,5.412,0.44732,394.09027,10.49952,10.49952,180.0,1,1,0.114,0.114,2.3857831302398629,0.22446075322864734,0,1,0.795,2.611,93.366460663429578,94.3987053549953,94.398705354999748,97.12501634890944,97.125016348910563,110.55604521959205,135.00000000000102,138.36646066342956,138.81407483429007,143.13010235415794,1.2041594578792414,0.22360679774996625,0.22360679774999168,1.140175425099153,0.14142135623732158,0.14142135623732158,1.131370849898472,0.10000000000002274,1.0630145812734848,0.49999999999999434,0.40906,1e-05,0.0,0.0,0.0,5.263,94.737,0.00345,4.55976,33,0.362,5.86251,64.698999999999998,22.361000000000001,12.94,0.0,0,1,48.0,48,48,4.250251458433179,4.250251458433179,0.0,309.44476185544011,29241.0,171.0,34.54545,30.90909,1,1,1.249,4.086,0.227,0.341
92552,1448,55,1448_55,865,9.66482,0.0,9.66482,0.0,6.411,9.66482,8360.06947,20.95758,20.95758,180.0,15,23,1.734,2.659,35.569608965766193,0.45961473076007997,0,1,2.659,3.699,98.130102354182043,104.03624346781919,104.03624346781919,109.98310652188476,114.44395478041832,114.44395478041832,120.96375653205051,127.87498365108819,169.69515353115062,171.86989764597433,0.31622776601698177,1.1661903789687793,1.1661903789687793,1.1704699910717526,1.2083045973593745,1.2083045973593745,0.0999999999994543,0.1000000000003638,0.2236067977505891,0.14142135623750243,9.75663,2e-05,15.789,26.316,31.579,5.263,21.053,0.05215,12.54913,23,5.831,11.59433,18.497,43.698999999999998,37.802999999999997,14.0,-0.6126400975519116,7,100.85714285714286,7,438,0.33517557979723239,13.903898629250296,2010.3320772741595,1185.0762704871813,1319.4400000000001,36.324096685258397,44.6304,40.58577,2,1,4.74,6.127,0.925,0.809
92553,1448,56,1448_56,1432,2.07993,-0.0,2.07993,-0.0,5.758,2.07993,2978.45375,16.98588,16.98588,180.0,10,10,0.698,0.698,13.357079046544026,0.39635458559375114,0,4,2.304,4.19,168.690067525985,180.0,180.0,180.0,180.0,180.0,180.0,180.0,180.0,180.0,1.0816653826392693,0.14142135623726126,0.14142135623726126,0.14142135623726126,0.14142135623726126,0.14142135623726126,0.14142135623726126,0.14142135623726126,0.14142135623726126,0.14142135623726126,2.08307,1e-05,0.0,6.452,3.226,12.903,77.419,0.00022,9.53763,41,1.265,7.0474,48.883000000000003,29.678999999999998,21.439,15.0,-0.4743696639377619,9,43.444444444444443,10,138,2.5337855166577432,11.037017191658629,416.06641961532148,318.11782441480085,183770.75,428.68490759531062,34.39024,32.92683,5,4,3.352,5.866,1.327,1.327
92554,1448,57,1448_57,499,11.88091,0.00057,11.88091,0.00057,7.383,11.88091,5928.57612,20.92463,20.92463,165.964,9,12,1.804,2.405,23.459291910815356,1.2589607179462179,0,1,2.004,2.204,63.434948822911586,64.440034828166176,71.56505117707799,82.303948277973248,92.045408488937682,94.398705354991719,94.398705354991719,116.32731071779169,131.1859251656968,153.43494882291162,1.0000000000000908,0.2236067977497756,0.14142135623718088,0.6403124237433416,0.22360679775018233,1.1661903789690133,1.1661903789690133,3.5846896657869967,1.503329637837285,1.118033988749895,11.94272,0.00236,9.091,63.636,9.091,9.091,9.091,0.29669,13.49536,10,6.834,12.3648,32.064,31.663,36.273000000000003,8.0,-0.37345365200413566,1,476.0,476,476,18.512333513201316,18.512333513201316,0.0,5906.7882577516548,0.25,0.5,42.46862,47.07113,1,1,4.81,3.808,0.802,1.804
92555,1448,58,1448_58,386,10.05241,0.0,10.05241,0.0,8.835,10.05241,3880.23056,27.55231,27.55231,180.0,7,9,1.813,2.332,67.786369230412291,1.0654269302166766,0,1,3.368,4.922,64.983106521898549,78.366366001026194,78.690067525979032,78.690067525984333,78.69006752599185,85.236358309285734,90.0,97.125016348901042,153.43494882288945,161.56505117707147,0.14142135623734164,1.5524174696259965,0.2236067977500298,0.36055512754635477,1.1313708498984518,1.0770329614268923,0.20000000000004547,1.140175425099193,0.2236067977500298,0.31622776601680197,10.17377,3e-05,37.5,12.5,12.5,0.0,37.5,0.18944,29.90825,9,6.77,13.57005,5.181,46.890999999999998,47.927,37.0,-0.2569562740827677,2,141.5,99,184,8.4771459265009312,30.604031945654103,1210.1739631454591,1926.9470951575095,676.0,26.0,37.32394,44.01408,1,1,6.218,6.995,1.295,2.591
92556,1448,59,1448_59,757,11.79225,0.00148,11.79225,0.00148,6.314,11.79225,8926.73114,23.01065,23.01065,168.69,11,14,1.453,1.849,29.035270162258769,0.61572199863179422,0,2,3.567,3.831,82.874983651078168,82.874983651218471,90.0,100.00797980131807,101.30993247391666,101.30993247412378,104.03624346804142,104.03624346804142,135.00000000003257,168.6900675259898,1.118033988749895,0.14142135623750243,0.2236067977497756,1.220655561573266,0.14142135623750243,0.1414213562368593,1.1661903789692474,1.1661903789692474,0.1000000000003638,1.118033988749895,11.88161,0.0002,18.75,50.0,18.75,6.25,6.25,0.27785,12.84588,20,7.048,12.78935,17.172999999999998,40.290999999999997,42.536000000000001,0.0,0,1,695.0,695,695,19.012407310492758,19.012407310492758,0.0,8901.3888724653134,0.0,0.0,41.52299,46.98276,4,2,6.341,6.473,0.925,1.189
92557,1448,6,1448_6,437,8.82651,-0.0,8.82651,-0.0,6.867,8.82651,3857.18633,16.42346,16.42346,180.0,5,8,1.144,1.831,32.36591161478524,0.85509781734601453,0,1,1.144,1.602,44.999999999967429,45.000000000032578,66.801409486312508,66.801409486312508,66.801409486405163,73.739795291690655,94.763641690708667,100.30484646876863,109.98310652189427,180.0,0.09999999999990905,0.14142135623742205,1.0770329614268501,1.0770329614268501,0.14142135623738186,1.1180339887498694,0.2236067977500044,0.10000000000013642,0.09999999999990905,0.10000000000013642,8.89085,0.00023,0.0,55.556,11.111,11.111,22.222,0.07141,20.79939,13,5.807,11.20114,25.172000000000001,39.130000000000003,35.698,0.0,0,2,170.0,77,263,6.4910627317709713,13.948310686143607,851.37788580966435,1919.3317233248117,0.0,0.0,44.02332,42.85714,1,1,3.204,4.348,0.458,0.686
92558,1448,60,1448_60,772,10.82371,0.0,10.82371,0.0,6.283,10.82371,8355.90443,21.53555,21.53555,180.0,13,11,1.684,1.425,45.500557519011089,0.76886280458915235,0,2,1.943,1.813,79.695153531197491,90.0,94.763641690700354,94.763641690721684,100.30484646875666,100.30484646880251,113.629377730603,165.96375653207352,167.47119229084856,170.83765295428333,0.0999999999994543,0.10000000000000142,0.0999999999994543,1.2041594578792674,1.1180339887498847,1.1180339887500474,1.104536101718586,0.8246211251237197,0.4123105625617426,1.0770329614267657,10.88809,2e-05,23.529,23.529,29.412,0.0,23.529,0.00394,34.44723,23,6.293,13.28112,31.088000000000001,36.917000000000002,31.995000000000001,23.67,-0.40634247508334664,7,88.428571428571431,6,243,0.67307106613894974,8.6329960659655747,1413.6920254146519,1187.0775022799955,411.22222222222223,20.27861489900684,45.04792,38.17891,3,3,4.145,3.756,0.777,1.036
92559,1448,61,1448_61,678,11.22727,0.00493,11.22727,0.00493,5.499,11.22727,7612.08845,21.11232,21.11232,180.0,14,19,2.065,2.802,24.738856410746088,0.64342043267434224,0,1,1.622,2.36,39.927867127487652,43.737441109818846,45.0,45.000000000065128,49.294783257026353,51.340191745911504,83.418055344827692,100.00797980144836,100.00797980151349,109.98310652190568,1.9723082923315922,4.87031826475438,0.1000000000003638,0.14142135623734164,1.2529964086142975,1.4317821063276035,1.170469991071908,0.14142135623718088,1.220655561573266,0.09999999999990905,11.26844,0.01037,20.0,26.667,40.0,0.0,13.333,0.10067,23.49257,9,7.675,11.9025,14.749000000000001,42.773000000000003,42.478000000000002,0.0,0,3,107.66666666666667,23,170,1.3648071309317356,6.4578601073447013,728.51122423143215,1085.8212543493339,196.0,14.0,44.35737,44.35737,1,1,4.277,4.72,0.59,0.737
92560,1448,62,1448_62,372,5.3096,0.0,5.3096,0.0,7.926,5.3096,1975.17059,16.7323,16.7323,164.781,7,7,1.882,1.882,23.547251340890515,0.92324881060600728,0,1,4.839,5.914,79.695153531233061,85.100907546212525,90.0,90.0,90.0,90.0,95.194428907734419,95.194428907734533,100.30484646876681,109.9831065219001,0.09999999999999432,3.5128336140500576,1.0999999999999943,1.0999999999999943,1.0999999999999943,1.0999999999999943,0.09999999999999432,1.1045361017187199,1.1180339887499064,1.1704699910719725,5.33925,0.0,0.0,12.5,25.0,12.5,50.0,0.02799,11.47667,15,4.299,8.52402,24.193999999999999,39.784999999999997,36.021999999999998,12.0,-0.4564391939788092,5,45.0,6,94,1.0003903156881722,4.6380421669172449,297.4466888362449,388.20526335964644,680.66666666666663,26.08958923913266,35.96491,39.47368,4,3,6.989,9.409,2.419,2.151
92561,1448,63,1448_63,834,10.87304,0.0,10.87304,0.0,4.049,10.87304,9068.11135,18.36001,18.36001,48.814,14,19,1.679,2.278,22.754228138183361,0.54086046975343904,0,1,2.638,3.237,22.577910516060431,22.822424940791961,25.117069162366395,25.813765414419496,27.72238424521176,28.416778110655017,31.121356958455856,32.107713603360907,42.305715710147176,45.411010019504936,4.118252056394721,5.57584074378025,5.1244511901272345,5.0089919145472885,5.0,4.716990566028302,4.601086828131298,3.5510561809129397,5.2773099207833845,4.588027898781359,10.94328,1e-05,16.667,55.556,11.111,11.111,5.556,0.08405,15.41102,20,8.406,11.97158,25.18,37.170000000000002,37.649999999999999,0.0,0,2,376.0,369,383,9.3183167785453662,11.220228687404939,288.91011162407949,4528.5731222975974,0.0,0.0,43.32893,45.97094,1,1,4.436,5.036,1.199,1.559
92562,1448,64,1448_64,802,10.50827,0.00012,10.50827,0.00012,6.538,10.50827,8427.63196,22.02045,22.02045,180.0,13,13,1.621,1.621,31.315004900229678,0.54784273635506076,0,1,2.993,3.99,90.000000000016286,93.814074834173923,93.814074834173923,104.03624346781919,120.96375653208884,120.96375653208884,135.00000000001629,153.43494882292202,161.56505117705197,180.0,0.14142135623782398,1.063014581273482,1.063014581273482,1.1661903789687793,1.1661903789692474,1.1661903789692474,0.1000000000003638,0.1000000000003638,0.22360679774997896,0.1000000000003638,10.58184,0.00026,11.765,58.824,11.765,5.882,11.765,0.09238,12.27023,18,5.769,12.10891,33.665999999999997,33.292000000000002,33.042000000000002,8.0,-0.5347323734902787,1,693.0,693,693,16.953585323276492,16.953585323276492,0.0,8403.5840069628484,0.0,0.0,46.82997,42.93948,3,2,5.237,6.608,1.372,1.995
92563,1448,65,1448_65,837,10.94991,0.00012,10.94991,0.00012,7.168,10.94991,9165.07126,20.30025,20.30025,168.69,14,18,1.673,2.151,30.79583261458561,0.83017046925077354,0,1,3.823,3.704,90.0,94.763641690727297,94.763641690727297,95.194428907705984,98.130102354155994,99.462322208022542,100.3048464687629,105.2551187030648,105.2551187030648,115.01689347820367,0.09999999999990905,1.20415945787922,1.20415945787922,0.1999999999998181,1.118033988749895,0.1999999999999318,0.10000000000002274,1.1401754250993175,1.1401754250993175,0.1414213562368593,11.03761,0.0001,22.222,27.778,33.333,5.556,11.111,0.12266,25.81275,21,6.385,12.27721,10.753,44.921999999999997,44.325000000000003,0.0,0,5,147.80000000000001,30,361,17.338868750973443,12.30060035486496,1884.5586033728418,1825.6180377433695,220.66666666666666,14.854853303438128,37.5,38.57527,3,1,8.005,8.841,1.673,2.031
92564,1448,66,1448_66,661,11.21989,0.0,11.21989,0.0,4.518,11.21989,7416.34881,20.27856,20.27856,180.0,14,12,2.118,1.815,32.778721653886087,0.76059183762832916,0,1,1.967,1.664,29.054604099086976,39.212981521962902,39.433667857310915,44.999999999869729,44.999999999934872,63.43494882292201,86.6335393364498,90.0,111.80140948633385,135.00000000013026,0.1000000000003638,3.18276609256838,4.031128874149275,0.0999999999994543,0.14142135623766322,0.2236067977497756,1.2041594578789274,0.10000000000013642,0.1000000000003638,0.14142135623750243,11.29049,1e-05,28.571,35.714,14.286,14.286,7.143,0.09082,17.81968,12,6.315,12.81081,31.77,35.25,32.979999999999997,9.0,-0.5928727096776722,3,186.66666666666666,5,467,0.18756376219607002,10.054513279150322,2926.850495872789,2458.8576138325516,856.8888888888888,29.272664533466862,45.32872,41.00346,1,1,3.631,3.177,0.454,0.756
92565,1448,67,1448_67,620,11.97398,0.0,11.97398,0.0,5.811,11.97398,7423.8693,21.3565,21.3565,180.0,13,13,2.097,2.097,39.934479174682487,0.80025037819479494,0,1,3.387,3.548,51.890409954071643,63.434948822869899,67.750976342773797,75.379126011486406,78.690067525999822,79.380344723977601,83.418055344702552,83.418055344806774,90.000000000065143,143.13010235411431,4.596737973824159,0.2236067977503857,1.063014581273482,0.22360679774997896,1.1313708498987332,0.14142135623750243,1.1704699910717526,0.2236067977497756,0.2828427124746833,0.0999999999994543,12.08839,7e-05,38.462,30.769,23.077,0.0,7.692,0.15795,23.40688,17,7.165,13.76017,30.645,38.064999999999998,31.289999999999999,14.0,-0.5949956062556121,5,106.0,5,230,0.83743440974721373,19.895759152200291,1415.4398557383408,1478.2584957327465,603.25,24.561148181630273,43.12268,37.73234,2,2,5.0,5.161,1.29,1.613
92566,1448,68,1448_68,332,8.35721,0.00711,8.35721,0.00711,10.815,8.35721,2774.59273,14.99133,14.99133,180.0,8,10,2.41,3.012,18.609289503287574,0.63656883197173875,0,0,1.506,2.108,67.833654177913843,67.833654177913843,68.198590513649307,73.638922544654449,82.874983651102724,83.659808254072217,87.510447077993717,90.0,92.489552921993251,111.80140948635722,1.3038404810405384,1.3038404810405384,1.0770329614268923,1.20415945787922,0.2236067977500044,0.14142135623730148,0.22360679774995354,0.10000000000002274,1.0295630140986802,0.22360679774995354,8.4722,0.01228,0.0,14.286,57.143,14.286,14.286,0.91217,15.84016,11,6.56,9.50933,12.048,44.277000000000001,43.674999999999997,8.5,-0.5317644797122117,4,68.5,5,158,0.35723095029441476,8.445560268870679,607.77696991788935,672.88986768571135,64.888888888888886,8.055363982396381,41.31944,38.19444,1,0,5.422,5.12,0.602,0.301
92567,1448,69,1448_69,454,6.31531,0.0,6.31531,0.0,5.5,6.31531,2867.14899,16.80476,16.80476,153.435,6,8,1.322,1.762,42.284551448691531,0.80260023744171483,0,1,1.101,2.863,45.000000000065135,45.000000000065135,45.000000000065135,55.007979801439589,56.309932474026894,65.224859431171737,83.418055344820729,90.0,95.946863053972905,104.03624346791115,0.14142135623734164,0.14142135623734164,0.14142135623734164,1.78885438199973,0.20000000000027285,1.280624847486577,0.22360679774998535,1.118033988749895,1.1704699910719591,1.1661903789692474,6.3337,0.00028,0.0,20.0,40.0,0.0,40.0,0.00162,36.53297,11,2.953,11.70038,39.648000000000003,31.718,28.634,19.67,-0.2738635163872906,4,59.75,14,81,11.399304613144187,21.051971161117645,350.05686849112504,709.4003037713278,7896.2222222222226,88.86068997156292,36.62551,40.74074,1,1,1.982,3.965,0.881,0.881
92568,1448,7,1448_7,766,11.15363,0.0,11.15363,0.0,4.817,11.15363,8543.68044,21.4553,21.4553,104.036,17,15,2.219,1.958,34.381385218452209,0.42414775605004373,0,1,2.872,3.655,28.377204699732825,30.077302313428852,30.323606862567214,75.96375653193941,89.999999999869729,90.000000000146557,93.814074834141636,93.814074834304193,93.814074834434464,104.03624346806059,5.12445119012704,5.385164807134504,3.394112549695557,0.14142135623750243,1.1313708498987332,0.14142135623750243,1.0630145812727976,0.14142135623782398,1.063014581273482,0.14142135623750243,11.26262,0.00016,23.529,47.059,5.882,5.882,17.647,0.15373,14.27909,20,6.615,12.8938,15.666,44.256,40.078000000000003,15.0,-0.35596229375155136,1,660.0,660,660,17.500892919777169,17.500892919777169,0.0,8522.802839685135,0.0,0.0,44.47806,44.02421,2,1,5.483,7.05,1.305,0.914
92569,1448,70,1448_70,434,13.02814,0.0,13.02814,0.0,7.305,13.02814,5654.2111,27.91595,27.91595,165.53,14,12,3.226,2.765,33.635916630964232,2.674623173926495,1,2,2.995,2.765,81.8698976458857,89.999999999869729,90.0,90.000000000130271,108.43494882300018,126.86989764585445,135.0,143.13010235418204,155.2248594311325,161.56505117710404,0.14142135623782398,0.14142135623750243,0.28284271247436177,0.14142135623750243,0.3162277660166941,0.20000000000027285,0.42426406871154265,0.4472135954999579,1.2806248474863993,0.4472135955001613,13.18308,0.00036,44.444,44.444,0.0,11.111,0.0,0.97211,36.90908,10,8.098,14.83766,20.736999999999998,41.014000000000003,38.249000000000002,33.0,-0.4129026576293455,3,125.33333333333333,67,228,7.004890628298539,8.3361973934743201,1127.717832203118,1878.1420968000605,0.0,0.0,43.15789,38.42105,3,2,5.76,5.3,1.613,1.382
92570,1448,71,1448_71,804,10.35065,0.0,10.35065,0.0,5.821,10.35065,8321.92351,21.82407,21.82407,161.565,15,20,1.866,2.488,38.188100707928193,0.49249034167683509,0,0,2.736,2.612,60.255118702934517,64.15561244544061,66.16125981683048,70.559965171823805,100.30484646875561,109.98310652192662,114.44395478041386,114.44395478041832,158.1985905135202,161.56505117708286,0.1414213562368593,0.5099019513592773,1.1401754250991705,0.316227766016793,1.1180339887499966,0.1000000000003638,1.2083045973595814,0.1999999999998181,0.1414213562368593,0.31622776601690084,10.47337,5e-05,23.529,29.412,17.647,23.529,5.882,0.07217,21.11666,22,6.403,12.24012,22.388000000000002,41.168999999999997,36.442999999999998,22.0,-0.4166733569593081,5,134.40000000000001,8,550,0.57654398508608318,20.447726327403423,2754.3550502138328,1653.0730445562917,663.88888888888903,25.766041389567182,44.08284,40.08876,0,0,4.353,5.224,1.119,0.871
92571,1448,72,1448_72,209,4.17849,-0.0,4.17849,-0.0,8.345,4.17849,873.30508,13.87155,13.87155,180.0,5,4,2.392,1.914,16.830146768033917,1.2357420277428277,0,1,4.306,4.785,33.293563270845432,37.673593339830127,42.273689006093136,48.012787504184061,54.246112745563771,56.309932474024464,63.610164727829847,69.943905263428221,74.12882138854701,90.0,2.0124611797497662,1.7117242768624144,0.1999999999999318,1.3453624047073558,0.5099019513592773,1.341640786499823,2.4041630560342524,1.3152946437965913,0.806225774829922,0.1999999999999318,4.11121,0.0005,0.0,0.0,25.0,25.0,50.0,1.65447,8.06649,9,3.727,6.89896,28.707999999999998,36.363999999999997,34.927999999999997,22.0,-0.21182005236768495,4,29.75,7,79,0.91044831013789895,8.4223774920910905,262.01005037143477,210.82158713820652,814.8888888888888,28.54625875467552,37.39837,36.58537,1,1,5.742,7.656,1.435,1.914
92572,1448,73,1448_73,238,7.39259,-0.0,7.39259,-0.0,20.373,7.39259,1759.43691,51.60475,51.60475,159.775,6,4,2.521,1.681,39.776851661401118,27.543663789639051,0,12,15.966,12.605,86.681896811389876,94.763641690727283,97.765166018427067,98.961935109233877,100.45990909292837,104.62087398863216,105.65461919683143,115.34166351576333,120.14530107038618,144.46232220802364,10.534229919647641,1.2041594578792272,0.3000000000000682,2.4839484696748575,2.3323807579381435,0.19999999999998863,20.497072961767007,4.7507894080879005,2.2203603311174636,1.2165525060596543,7.58422,0.00156,0.0,0.0,60.0,0.0,40.0,8.20825,67.64895,7,6.537,8.03065,0.0,52.100999999999999,47.899000000000001,8.33,-0.38748015828023075,8,25.125,6,95,0.090035230855094336,11.069247700493205,300.80569748458538,216.05379087290663,4.0,2.0,32.11009,22.01835,13,12,18.067,17.647,13.025,8.403
92573,1448,74,1448_74,594,11.15306,0.0,11.15306,0.0,7.434,11.15306,6624.9149,21.9,21.9,180.0,10,8,1.684,1.347,44.976661794185105,0.80452001037416487,0,1,2.694,4.04,82.874983651222465,90.690277197744336,93.36646066358702,153.4349488228178,161.56505117692168,161.56505117720826,180.0,180.0,180.0,180.0,1.1401754250997362,2.302172886643813,0.14142135623750243,0.1000000000003638,0.22360679774997896,0.14142135623750243,1.1661903789690133,1.1661903789690133,1.1661903789690133,1.1661903789690133,11.24338,0.00013,30.769,38.462,7.692,0.0,23.077,0.04934,10.97287,18,5.795,13.97029,20.202000000000002,42.088000000000001,37.710000000000001,14.0,-0.6052924319911247,2,234.0,6,462,0.0013085744996250105,15.087447147827428,3280.5817513542193,3294.0700014748977,2401.0,49.0,46.39831,37.28814,2,2,4.882,5.051,1.515,2.189
92574,1448,75,1448_75,358,7.9801,0.00088,7.9801,0.00088,13.622,7.9801,2856.8768,15.52063,15.52063,180.0,8,6,2.235,1.676,33.786534713011335,0.79781609950209542,0,1,1.117,1.676,109.44003482815616,127.8749836510972,135.0,169.69515353121835,171.86989764583359,172.87498365111423,179.99999879258175,179.99999879258175,180.0,180.0,0.31622776601683794,1.1401754250992377,1.1313708498984116,0.5000000000000455,0.2828427124746833,0.22360679775008066,0.14142135623731153,0.14142135623731153,0.14142135623718088,0.14142135623718088,8.10476,0.00096,0.0,42.857,28.571,0.0,28.571,1.27389,17.5519,7,4.275,11.22809,30.725999999999999,36.591999999999999,32.682000000000002,11.0,-0.3566696148567562,3,81.333333333333329,8,169,6.693725574213266,9.8370662005430081,804.44128455995644,935.63766890271745,182.25,13.5,46.21514,37.4502,1,1,2.793,4.469,0.279,0.559
92575,1448,76,1448_76,237,10.40396,0.0,10.40396,0.0,8.279,10.40396,2465.73794,17.32772,17.32772,172.875,5,5,2.11,2.11,35.37581067704604,1.8241296343782283,0,1,10.127,11.814,82.874983651086851,82.87498365112593,83.418055344801644,83.418055344853755,89.999999999953232,90.0,90.000000000011696,90.000000000026063,97.125016348911828,124.9920201985604,1.081665382639285,1.081665382639285,1.170469991071908,0.22360679774997896,1.081665382639222,0.20000000000004547,0.3605551275463863,0.22360679775008066,1.118033988749895,0.20000000000004547,10.60613,0.00267,20.0,20.0,60.0,0.0,0.0,1.03868,50.87402,12,8.673,12.6842,4.2190000000000003,53.585999999999999,42.194000000000003,11.0,-1.1321206835418687,3,63.333333333333336,18,116,2.3140253319609885,3.3440151610246462,668.41939202038168,814.71387494467535,91.555555555555557,9.5684667296048822,32.12435,24.87047,3,2,13.08,16.878,3.797,4.641
92576,1448,77,1448_77,676,12.53783,0.00173,12.53783,0.00173,5.744,12.53783,8475.57477,21.91278,21.91278,163.74,10,12,1.479,1.775,21.290936622363255,0.58840121787474664,0,2,3.402,3.994,60.255118703198072,64.983106522049283,71.565051177208261,78.690067525989804,79.695153531242312,87.878903603340333,96.009005957444202,98.130102354103883,98.130102354182043,113.19859051364071,0.14142135623750243,1.170469991072491,1.118033988749895,1.140175425099098,0.1999999999998181,0.2236067977497756,1.2083045973593745,0.31622776601712554,1.118033988749895,2.2847319317589454,12.65875,0.00104,13.333,53.333,20.0,6.667,6.667,0.08316,11.35268,15,8.376,12.87932,31.065000000000001,32.988,35.947000000000003,0.0,0,1,650.0,650,650,16.653563163102568,16.653563163102568,0.0,8447.1050404022462,12.25,3.5,43.07458,44.90107,3,2,6.805,6.065,2.071,2.219
92577,1448,78,1448_78,789,10.89742,0.00013,10.89742,0.00013,4.841,10.89742,8598.06273,20.5915,20.5915,92.121,15,11,1.901,1.394,32.47725890524147,0.52059196961515475,0,1,3.042,3.676,43.449938976450007,43.814739181375323,48.340138797430832,70.016893478096222,70.559965171810674,74.744881296932945,74.744881296932945,74.744881296977439,79.695153531243079,90.0,4.617358552245535,3.966106403010297,6.010823570858967,1.1704699910720149,1.4999999999997726,1.140175425099153,1.140175425099153,0.3000000000001819,1.1180339887498567,1.1000000000000014,11.00466,2e-05,17.647,47.059,17.647,5.882,11.765,0.11958,34.61793,21,6.881,12.75883,19.010999999999999,44.232999999999997,36.755000000000003,19.5,-0.28128244790794177,3,223.66666666666666,141,310,9.9876373133573928,12.695226986585336,1277.474319311777,2857.9768342886987,600.0,24.494897427831781,46.42857,40.32738,2,1,5.323,6.21,1.394,1.394
92578,1448,79,1448_79,667,11.23686,0.0,11.23686,0.0,6.505,11.23686,7494.9846,21.3122,21.3122,102.804,12,9,1.799,1.349,35.518963594227849,0.49764623466828267,0,1,3.448,4.648,79.695153531242823,79.695153531242823,79.695153531242823,84.805571092246225,84.805571092293235,84.805571092293491,85.236358309256531,95.194428907706509,95.194428907706509,95.194428907753505,1.1180339887498287,1.1180339887498287,1.1180339887498287,1.104536101718725,0.1000000000003638,0.1000000000003638,0.0999999999994543,1.1045361017186992,1.1045361017186992,0.1000000000003638,11.3681,7e-05,21.429,50.0,7.143,14.286,7.143,0.13328,12.60994,17,6.398,13.10349,26.986999999999998,39.130000000000003,33.883000000000003,0.0,0,3,189.33333333333334,66,423,4.3491173261793508,9.095890994840703,2663.6247143614023,2489.1421553761757,1892.25,43.5,44.03509,42.2807,1,1,5.247,7.046,1.649,1.199
92579,1448,8,1448_8,1036,9.18845,0.0,9.18845,0.0,6.095,9.18845,9519.23651,20.47486,20.47486,180.0,22,24,2.124,2.317,28.954218194886408,0.57423057299086755,0,2,2.22,3.089,52.125016348868243,57.994616792033611,67.750976342773797,75.154547917929676,82.874983650957915,82.874983650971942,82.874983651218471,86.185925165565536,97.125016348861706,172.87498365113825,1.2649110640672079,1.3341664064127492,0.2236067977497756,1.4212670403552408,1.140175425099098,0.14142135623750243,0.14142135623750243,0.1414213562368593,0.3605551275464494,0.2236067977497756,9.22926,1e-05,13.043,17.391,47.826,4.348,17.391,0.00303,15.16483,28,6.003,10.79207,15.444000000000001,42.856999999999999,41.698999999999998,11.5,-0.6502196903513928,3,292.0,14,535,0.60628984942522224,15.840826470493298,2622.7722781811503,3160.8085626383818,1562.8888888888889,39.533389544648067,42.66212,44.14107,3,2,3.958,4.344,1.062,1.062
92580,1448,80,1448_80,668,12.37558,0.0,12.37558,0.0,6.866,12.37558,8266.88726,32.98803,32.98803,149.036,7,10,1.048,1.497,36.559681985708671,1.7175845122678377,0,4,4.94,5.389,75.963756532219122,86.185925165779381,86.185925165779381,86.185925165844523,89.999999999886029,89.999999999983714,90.000000000146557,94.398705354939608,104.0362434679303,108.43494882297411,1.1661903789692474,1.0630145812737815,1.0630145812737815,0.14142135623750243,0.14142135623750243,1.1313708498984119,1.1313708498984119,1.1661903789690133,1.1661903789690133,0.22360679775018233,12.47652,0.0003,35.714,42.857,14.286,0.0,7.143,0.13939,15.78963,17,7.538,13.9994,23.952000000000002,38.771999999999998,37.274999999999999,5.0,-0.8597121648175581,1,588.0,588,588,18.842498957383548,18.842498957383548,0.0,8245.6490636261242,0.0,0.0,41.42615,41.42615,6,6,7.784,8.084,3.293,2.844
92581,1448,81,1448_81,753,10.88461,0.00013,10.88461,0.00013,8.077,10.88461,8196.11415,21.16247,21.16247,180.0,13,14,1.726,1.859,38.502633864048796,0.99328984107228946,0,2,1.726,1.992,81.869897645857051,90.0,90.0,104.03624346792061,116.56505117707799,132.39743779749952,145.35905248809169,163.00917670801326,164.05460409906979,179.99999879258175,1.118033988749895,0.09999999999990905,0.09999999999990905,1.166190378969057,1.118033988749895,1.3928388277183694,1.0440306508911072,1.0440306508910542,0.0999999999994543,0.1414213562373266,10.97926,0.00011,18.75,37.5,25.0,6.25,12.5,0.03689,28.15386,19,5.8,12.62086,23.904,39.043999999999997,37.052,43.2,-0.1300108453160417,7,91.285714285714292,10,231,9.4563815546307133,20.710665750070774,1256.9821778400619,1163.4004375364018,323.84000000000003,17.99555500672319,43.96285,38.23529,2,2,3.453,4.781,0.797,0.797
92582,1448,82,1448_82,754,10.6883,0.0,10.6883,0.0,5.852,10.6883,8058.97584,18.82472,18.82472,180.0,18,10,2.387,1.326,33.354182680692567,0.69877654931685174,0,1,2.387,3.846,79.695153531242312,79.695153531242312,79.695153531243349,90.0,90.0,92.489552921985563,95.194428907753505,175.04972776570841,180.0,180.0,1.1180339887497728,1.1180339887497728,1.1180339887498847,0.2000000000007276,0.2000000000007276,0.5999999999994543,0.1000000000003638,1.1180339887498933,0.5999999999994543,0.5999999999994543,10.7654,0.0001,18.75,43.75,25.0,0.0,12.5,0.00209,20.89883,17,7.002,12.80604,21.219999999999999,40.716000000000001,38.064,17.0,-0.7827014485812812,4,154.5,5,544,0.76998993350324596,7.7493346474789249,3140.4385621973138,2005.3586704381132,2093.5555555555552,45.755388268001347,45.13557,39.07496,4,2,4.642,5.438,1.326,2.255
92583,1448,83,1448_83,266,8.71244,0.0,8.71244,0.0,6.107,8.71244,2317.50893,20.08009,20.08009,106.26,5,8,1.88,3.008,34.461328945744668,1.4906763983079176,0,1,2.256,2.632,26.170820383552904,26.565051177075688,26.565051177077851,26.608256582792141,26.923892703430045,32.279660936960802,34.748801249184538,37.828287834611778,79.695153531237622,100.30484646876916,3.106444913401857,4.687216658103242,7.224956747275378,5.913543776788983,5.941380311005192,6.440496875241868,1.9104973174543098,1.2165525060596962,0.20000000000004547,1.1180339887498134,8.80767,8e-05,0.0,60.0,20.0,0.0,20.0,0.54786,16.05655,8,7.957,10.95027,11.278,40.601999999999997,48.119999999999997,8.0,-0.38925713198823964,1,208.0,208,208,18.105856651596739,18.105856651596739,0.0,2306.4745864252031,0.0,0.0,30.33175,47.8673,1,1,4.887,3.759,1.128,1.504
92584,1448,84,1448_84,382,9.29379,0.00306,9.29379,0.00306,5.552,9.29379,3550.22873,17.60824,17.60824,180.0,5,5,1.309,1.309,36.130238062451632,0.98734071941960699,0,1,7.592,8.639,42.39743779751592,53.646931707938798,59.989862359692673,68.198590513643694,68.629377730663435,76.759480084819415,81.869897645831003,83.418055344749533,101.30993247410539,105.25511870305678,0.4472135954997546,1.486606874731508,1.3601470508737616,0.09999999999990905,1.1045361017190802,0.31622776601676605,1.118033988749895,1.170469991071908,1.1401754250994771,0.09999999999990905,9.42189,0.00039,12.5,50.0,0.0,12.5,25.0,0.11827,17.53699,14,6.131,12.18261,2.6179999999999999,52.094000000000001,45.287999999999997,8.0,-1.1083809680176078,2,144.0,67,221,16.821323622724329,10.936090105413449,1037.7809864622745,1760.3873096131242,1640.25,40.5,30.44983,34.9481,1,1,9.686,12.304,3.403,1.832
92585,1448,85,1448_85,219,4.66031,0.00065,4.66031,0.00065,19.308,4.66031,1020.60737,13.99464,13.99464,180.0,3,5,1.37,2.283,19.534363695701412,0.58184660950974143,0,0,5.023,6.849,91.548157698974606,96.581944655169707,110.55604521958189,114.44395478041653,115.01689347809783,153.43494882292367,161.56505117707798,161.56505117708369,175.23635830926781,176.6335393365691,0.3162277660168559,0.22360679774996628,0.28284271247461296,0.2,1.1704699910719276,0.4472135954999579,0.14142135623728136,0.19999999999998863,0.22360679774999168,0.7615773105863625,4.86413,0.00245,0.0,0.0,50.0,0.0,50.0,0.68116,14.02296,8,4.212,8.00139,13.699,44.292000000000002,42.009,0.0,0,1,123.0,123,123,9.1798491880889568,9.1798491880889568,0.0,984.17051959170283,49.0,7.0,36.58537,32.52033,1,1,8.219,12.329,0.457,1.37
92586,1448,86,1448_86,246,7.00565,-0.0,7.00565,-0.0,7.857,7.00565,1723.38872,17.49286,17.49286,172.875,2,7,0.813,2.846,36.644715540136701,1.547941505755396,0,1,4.878,5.691,30.301133524020848,31.355181899441678,35.017310763904561,41.820169880136419,75.963756532082627,78.690067525972481,82.874983651069087,100.00797980144992,120.9637565320721,157.3801350519575,3.60555127546398,5.2153619241621625,5.6938563381946725,2.6870057685088686,1.1661903789690717,1.0816653826392142,1.140175425099095,1.2206555615733636,0.10000000000002274,1.0816653826392693,7.07658,0.00011,0.0,40.0,20.0,0.0,40.0,0.11829,23.55825,10,6.998,10.94435,20.324999999999999,40.244,39.430999999999997,8.0,-0.9747018817890377,3,51.0,5,99,0.29508260271972081,11.218119650394925,506.87411636139518,564.58303648249262,876.1875,29.600464523382062,25.80645,34.83871,1,1,7.724,8.13,2.439,1.626
92587,1448,87,1448_87,489,9.15075,0.0,9.15075,0.0,7.008,9.15075,4474.71526,19.24422,19.24422,180.0,7,11,1.431,2.249,40.045895512898483,1.093608720172403,0,1,4.09,5.112,61.557071375751363,63.43494882292201,66.801409486226035,78.690067525989804,90.0,91.548157698884609,97.125016349042113,108.43494882292201,115.01689347798496,175.60129464500824,0.22360679774997896,1.118033988749895,0.14142135623750243,1.140175425099098,0.2236067977497756,1.1704699910717526,1.140175425099098,1.118033988749895,0.14142135623750243,1.1661903789690133,9.2063,6e-05,20.0,30.0,30.0,0.0,20.0,0.07382,16.52726,14,4.485,12.35393,16.359999999999999,42.331000000000003,41.308999999999997,0.0,0,2,176.5,61,292,5.9720106555522232,8.7695458951758702,1770.2301728076409,2212.8796372269376,1586.8888888888887,39.83577398380617,39.27577,40.11142,1,1,6.544,7.975,2.045,2.249
92588,1448,88,1448_88,291,0.02696,0.00034,0.02696,0.00034,0.0,0.02696,7.84656,1.14018,1.14018,0.0,0,0,0.0,0.0,0.020647505592090817,0.03556689221903378,0,0,0.0,1.031,0,0,0,0,0,0,0,0.0,0,0,0,0,0,0,0,0,0,0,0,0,0.0223,0.0007,0.0,0.0,0.0,0.0,100.0,0.0,0.02999,5,0.086,0,85.911000000000001,12.026999999999999,2.0619999999999998,0.0,0,0,0,0,0,0,0,0.0,0.0,0.0,0.0,0,0,0,0,0.0,1.031,0.0,0.0
92589,1448,89,1448_89,267,5.42066,0.0,5.42066,0.0,8.574,5.42066,1447.31515,15.38831,15.38831,180.0,6,10,2.247,3.745,25.012144033034943,0.76510179512846532,0,1,2.622,4.12,45.000000000024421,48.814074834287901,57.528807709149639,62.300527191944276,63.434948822928526,67.619864948040373,67.83365417791714,69.984040397117539,90.0,97.125016348896537,0.10000000000002274,0.09999999999990905,1.166190378969057,0.36055512754641,0.2236067977500171,0.42426406871192446,0.9999999999999943,1.2206555615733719,0.10000000000002274,1.1401754250991005,5.55851,0.00013,0.0,0.0,40.0,20.0,40.0,5.9441,28.22393,8,3.991,8.33537,14.981,44.195,40.823999999999998,11.0,-0.3021111611312409,4,41.0,6,100,0.27875101326953294,13.01762766368465,396.80730754415356,350.04125792394882,468.75,21.650635094610966,36.09467,31.95266,1,1,4.12,4.869,2.247,1.873
92590,1448,9,1448_9,199,3.12215,-0.0,3.12215,-0.0,19.566,3.12215,621.30695,13.10267,13.10267,180.0,3,4,1.508,2.01,11.658840869678832,1.641740192019262,0,1,8.543,11.055,86.63353933656991,89.9999999999972,99.162347045717439,101.30993247401918,104.03624346792266,161.5650511770784,177.27368900609395,179.99999879258175,179.99999879258175,179.99999879258175,0.14142135623730145,1.131370849898467,2.2203603311174365,0.14142135623730145,0.1414213562373115,0.14142135623730648,1.166190378969057,1.118033988749895,1.118033988749895,1.118033988749895,3.03218,0.00118,0.0,0.0,25.0,0.0,75.0,0.35563,8.92016,8,2.749,5.84343,0.0,55.276000000000003,44.723999999999997,3.0,-0.7902058521548608,3,28.0,9,57,0.33669778278924439,7.4442219680965769,163.91353330021613,180.77919155304195,164.24000000000001,12.815615474880635,30.92784,30.92784,1,1,10.553,14.07,5.025,4.02
92591,1448,90,1448_90,747,11.30829,-0.0,11.30829,-0.0,5.83,11.30829,8447.29545,47.30592,47.30592,168.69,14,17,1.874,2.276,33.993268333029356,3.9826230622967222,0,3,3.882,4.284,75.379126011449515,78.690067525923411,78.690067525953737,82.874983651138294,85.815083874851524,88.585576788632778,97.125016348781557,97.125016348861706,97.125016348911828,97.125016348940889,0.22360679774997896,1.1313708498984119,0.2236067977497756,1.118033988749895,1.140175425099098,0.3605551275464494,0.14142135623750243,0.3605551275464494,1.140175425099098,1.1401754250996565,11.40701,0.00036,18.75,43.75,18.75,6.25,12.5,0.10022,32.61895,19,6.524,12.74731,24.096,39.223999999999997,36.68,0.0,0,2,330.0,276,384,14.487136385314448,14.468477302806557,1467.6370413896368,4212.985168442432,1296.0,36.0,42.66263,44.47806,3,3,5.756,6.961,2.008,2.008
92592,1448,91,1448_91,252,4.95061,0.00478,4.95061,0.00478,13.953,4.95061,1247.55386,13.56245,13.56245,128.904,4,6,1.587,2.381,23.754074268471335,1.1207949752520232,0,2,3.571,6.746,78.690067525964253,83.453709216704368,85.236358309266194,85.236358309283872,90.0,90.0,100.30484646876238,100.30484646876813,109.98310652189855,109.98310652189855,1.1401754250991478,1.2041594578792767,1.0770329614268923,1.077032961426903,0.10000000000002274,0.10000000000002274,0.09999999999990905,0.10000000000002274,1.170469991071976,1.170469991071976,5.00056,0.00137,0.0,0.0,40.0,20.0,40.0,3.56549,22.51139,8,2.702,8.42744,7.9370000000000003,48.015999999999998,44.048000000000002,12.0,-0.6266753021872892,4,33.75,10,60,5.7340065897900994,11.014869479641058,176.05841799269362,301.02655668823854,16.0,4.0,29.86111,34.72222,2,2,6.349,11.111,2.778,1.984
92593,1448,92,1448_92,702,10.30903,-0.0,10.30903,-0.0,5.119,10.30903,7236.93776,21.37405,21.37405,105.255,12,13,1.709,1.852,39.33146002308726,0.65991179359457197,0,1,1.994,2.707,45.0,45.000000000130271,45.000000000130271,47.608794746749503,50.440332031005234,50.440332031005774,63.43494882292201,68.198590513653372,71.565051177082069,105.2551187030618,0.14142135623731153,0.1414213562368593,0.1414213562368593,2.0615528128094036,1.3341664064126384,0.44721359549995476,0.1000000000003638,1.5231546211727696,1.131370849898492,0.1000000000003638,10.40417,0.0,20.0,33.333,26.667,0.0,20.0,0.05425,28.1416,16,6.237,12.45557,31.338999999999999,34.899999999999999,33.761000000000003,19.0,-0.657397817407003,5,115.0,6,460,0.3359224994168733,19.814915760854813,2351.9258820917894,1439.0760226225495,1134.1600000000001,33.677292052657677,44.46367,41.00346,1,1,4.131,4.416,0.855,1.14
92594,1448,93,1448_93,403,11.86029,0.0,11.86029,0.0,4.304,11.86029,4779.69619,22.44504,22.44504,180.0,8,11,1.985,2.73,46.852196540871219,0.72223052642048702,0,1,3.722,2.978,17.539117885204707,17.608415569154747,17.804970911677419,19.536654938119263,20.080335630168914,21.668984962103838,38.042026266778194,45.344804941832408,82.874983651088186,97.12501634897697,12.465151423067198,3.3241540277189596,11.580155439371104,1.1313708498982509,9.972462083156659,4.669047011971598,2.600000000000084,5.162363799655819,1.140175425099098,0.14142135623734164,12.07008,0.0,37.5,37.5,12.5,0.0,12.5,1.138,18.83199,13,8.055,14.1308,19.850999999999999,43.671999999999997,36.475999999999999,0.0,0,3,110.66666666666667,50,228,8.8411522143477583,13.797824688322526,1485.6674874728735,1590.2417679639764,0.0,0.0,43.49112,34.91124,1,1,6.452,6.7,1.241,1.489
92595,1448,94,1448_94,1011,10.74067,0.0,10.74067,0.0,4.225,10.74067,10858.81883,26.95366,26.95366,180.0,14,12,1.385,1.187,42.566839530299376,0.78544110978368553,0,1,7.517,7.715,45.000000000000007,45.00000000000815,47.012761324606714,52.125016348901653,94.398705354993808,101.30993247413714,111.80140948635351,116.56505117707799,120.96375653207448,161.56505117710401,0.10000000000013642,0.2828427124745627,3.6878177829171546,1.1401754250991387,1.303840481040595,0.1414213562368593,1.0770329614269134,1.118033988749895,0.10000000000002274,0.31622776601698177,10.84777,2e-05,22.727,40.909,9.091,9.091,18.182,0.02698,56.93925,34,7.559,13.00594,15.826000000000001,45.5,38.674999999999997,4.0,-0.5339586530037435,7,117.85714285714286,6,450,0.25383789130582252,16.125059170803382,2266.7968492628543,1544.1228029378144,526.32098765432102,22.941686678496875,35.9375,31.12981,4,2,9.397,9.397,2.77,3.264
92596,1448,95,1448_95,178,3.84687,0.0,3.84687,0.0,11.87,3.84687,684.74215,12.38225,12.38225,180.0,1,3,0.562,1.685,21.079992772536539,0.92106934965592779,0,1,5.056,5.056,71.565051177061704,73.739795291690655,74.744881296941216,90.0,100.30484646876863,109.98310652189855,109.98310652189855,111.80140948635069,111.80140948635351,175.23635830927557,1.118033988749895,1.1180339887498694,0.10000000000002274,0.2236067977500298,0.10000000000002274,1.170469991071976,1.170469991071976,0.0999999999999659,0.20000000000004547,1.0770329614269134,3.91442,0.00018,0.0,0.0,33.333,33.333,33.333,0.17242,13.77984,8,2.068,8.32883,33.707999999999998,32.584000000000003,33.707999999999998,0.0,0,2,37.5,8,67,6.0836656949147727,6.4170448217040246,283.89779905826589,329.55045939176074,0.0,0.0,36.25,40.0,1,1,6.742,8.427,1.685,0.562
92597,1448,96,1448_96,818,10.45559,0.0,10.45559,0.0,7.097,10.45559,8552.67195,20.92893,20.92893,175.601,14,9,1.711,1.1,26.198026399434813,0.41597143564685041,0,1,2.934,3.056,80.134193056873087,81.86989764577055,90.0,90.0,92.121096396555444,108.43494882289595,119.74488129680194,149.03624346791113,159.34108993666885,165.96375653204285,0.2236067977498773,0.3162277660161908,1.2000000000000455,1.2000000000000455,0.2236067977505891,1.099999999999909,0.14142135623750243,1.1661903789692474,1.1180339887497728,0.1999999999998181,10.56287,0.00016,11.111,38.889,27.778,11.111,11.111,0.11373,9.66678,17,5.736,11.50056,34.229999999999997,33.984999999999999,31.785,7.0,-0.5967899170260293,1,740.0,740,740,17.145785779019594,17.145785779019594,0.0,8521.9155069390818,0.0,0.0,43.58974,43.85965,1,1,4.89,6.112,1.711,1.834
92598,1448,97,1448_97,705,11.9523,-0.0,11.9523,-0.0,7.013,11.9523,8426.37168,21.67072,21.67072,180.0,15,14,2.128,1.986,32.629752558224318,0.616327720203242,0,1,2.27,3.83,74.744881296976288,86.633539336517188,90.000000000052111,101.30993247406531,110.556045219521,115.0168934780539,115.0168934780539,165.96375653207397,171.86989764592218,175.23635830930084,1.140175425098859,1.0770329614271035,0.2236067977498773,1.1401754250993175,0.14142135623766322,1.1704699910719665,1.1704699910719665,0.10000000000000853,0.31622776601698177,1.118033988749895,12.0598,0.00063,26.667,46.667,13.333,6.667,6.667,0.34965,21.00556,19,8.369,13.20194,25.532,38.865000000000002,35.603000000000002,25.0,-0.3691139246682507,5,125.0,11,375,7.8049715291059449,12.784570859728799,2090.0037272638356,1676.7273643968153,702.25,26.5,45.28302,41.3522,1,1,3.972,5.816,0.709,0.993
92599,1448,98,1448_98,863,11.39876,0.0,11.39876,0.0,5.756,11.39876,9837.1272,27.38558,27.38558,175.236,15,11,1.738,1.275,40.245815271004588,0.79231419858761709,0,1,6.952,6.257,45.000000000130278,45.000000000130278,46.735704589002005,55.304846468760275,55.619655276154987,60.255118703073798,68.198590513643694,68.198590513643694,71.565051177080903,105.2551187030738,0.14142135623750243,0.14142135623750243,0.31622776601712554,2.2360679774997694,1.4560219778561045,1.1401754250986593,1.0770329614269345,1.0770329614269345,0.4472135954999579,0.09999999999990905,11.51751,5e-05,31.579,26.316,21.053,5.263,15.789,0.0311,25.65983,33,8.675,12.89174,5.7939999999999996,48.899000000000001,45.307000000000002,15.67,-0.1532885021465121,5,148.80000000000001,5,621,0.20217376107794172,20.09135182973391,3459.8190527726538,1956.9030791364651,544.75,23.339880033967614,38.63338,33.77135,2,1,9.849,9.849,2.549,3.013
92600,1448,99,1448_99,648,11.57984,0.0,11.57984,0.0,5.839,11.57984,7503.73501,21.50581,21.50581,180.0,12,15,1.852,2.315,37.739744267932736,0.91476686544324504,0,2,2.16,3.086,44.999999999886001,44.99999999989415,90.0,91.231977402620586,95.194428907753561,153.4349488230246,170.53767779198054,171.86989764584192,175.60129464499681,180.0,0.14142135623754262,0.0999999999994543,0.0999999999994543,2.256102834535698,0.1000000000003638,0.6324555320340174,0.1999999999998181,0.7071067811863674,0.4123105625622941,0.3000000000001819,11.67296,0.0,21.429,42.857,21.429,0.0,14.286,0.05596,32.05104,15,7.483,13.23314,30.864000000000001,36.110999999999997,33.024999999999999,32.5,-0.254441649038254,6,91.666666666666671,7,284,0.26986062183766479,14.677506314865312,1538.6356741241927,1245.5448888755152,713.55555555555566,26.712460679532231,43.81625,39.57597,2,2,4.167,4.167,0.926,1.698
